Part #1 : 4066
Part #2 : -2670128313370
-5390575154226
-1962422571954
-5052954066578
5995209073211
6556828767087
-1076978806031
3965424601558
6764595590255
7953573699400
-3480094288064
2774823314107
3428152582272
-616807756280
-7412243734349
-3821773321477
-6127498105150
83593682759
7269404043421
-312461823905
5694109497448
-1051819542288
-1961610982801
-2758591531047
-6504075472142
5359734766412
-4824085925432
-2132044704931
973906983600
5342691394199
2227000635832
5590226085864
926023223573
7658155247708
-469910119587
2988271261346
6045527600697
-2252971488728
321389304588
8042848506230
5604023101465
-5242054339227
5115446431359
-5807731978868
1290426753270
-5201474881577
-5282633796877
3228501650634
2548389940420
8098036568634
-7116825282657
-7017811405991
8079370018115
602199151526
-990138766660
789676245869
-5614573760454
6514626131131
-407417754806
-3819338554018
4551391970024
-5555327752285
-1141094349118
-2842996802959
-3566122738282
-4600087319204
-7493402649649
2611693894354
1357788652969
-5466052945455
2240797651433
-7132245476564
4221886773906
-6408307952088
1206833070511
-4159394409125
-819705044530
7841574396286
2952561338614
-6980478304953
-4704782319941
848922254038
5655153218104
-1864220284441
-3993018632760
-7968182304154
1646714391437
5190112633435
6360424192061
-2302478427061
-7617575790058
3179806301454
-5325648021986
-572170352865
5348372518270
-8069630948279
4553826737483
-785618300104
-2734243856457
-5810166746327
-8100471336093
-2974474245745
3508499908419
-395243917511
-3279631767273
3171690409924
6416423843618
-5260720889746
7525866215769
1652395515508
-5674631357776
1514425359498
-7611894665987
-5427908255264
-4188611618633
5611327403842
-6830334311648
-1425150552668
-2335753582334
634662717646
1638598499907
-4768897863028
-808342796388
7847255520357
5935963065042
-4772144219640
4162640765737
-1417034661138
3252849325224
7598097650386
-5001823949939
-3126241417356
-6081237523429
2761837887659
5736312133404
7971428660766
-6831957489954
2442071761377
1779003423376
-512112755543
-5903499498922
-5506632403105
-6684248264108
5732254187639
-3959743477487
-3927279911367
-1546077336465
-703647795651
4384204604506
-1562309119525
6027672639331
-358722405626
573793531171
-34898333579
5328894378598
-2590592576376
-7107086212821
-7672763852462
4277074836310
4388262550271
5925412406053
-5201474881577
-2799170988697
3088096727165
-6418047021924
-7391954005524
164752598059
-3827454445548
5552892984826
-1654830282967
-2498071412934
2788620329708
-5330517556904
6711030706157
1122427798599
5196605346659
2778069670719
-4656086970761
4973418329584
4337944022785
1417034661138
850545432344
-1060747022971
1878828889195
2227000635832
6133179229221
-3638354172899
-6208657020450
-2013552688593
-6178628221789
1474657491001
-211013179780
-965791092070
3301544674404
-7015376638532
-1152456597260
4152090106748
2796736221238
6689117799026
-7055956096182
1455179351329
2015175866899
-4597652551745
-1126485744364
-6838450203178
-1625613073459
-5335387091822
3748730297707
-1279876094281
4664202862291
-3863164368280
1141094349118
5188489455129
-8040413738771
7283201059022
2561375366868
3076734479023
-1111877139610
4313596348195
-6030107406790
3018300060007
7557518192736
7546155944594
5021302089611
2792678275473
-6689929388179
-706894152263
-4874404452918
-5119504377124
-4256785107485
1172746326085
8078558428962
-1193036054910
-6693987333944
-4877650809530
4316031115654
-5940832599960
-1897495439714
155013528223
1126485744364
-4342813557703
4918230267180
5858050506354
5577240659416
4290060262758
-564054461335
-846487486579
2664447189299
-5042403407589
6271149385231
2796736221238
-262143296419
5487154263433
1848800090534
-2365782380995
-6002513375588
7990095211285
6918797529325
-4939331585158
-1937263308211
-5082982865239
-6388829812416
-6306047718810
3474413163993
4544087667647
6273584152690
-1778191834223
-1353730707204
-6135613996680
2442883350530
5738746900863
-5897818374851
8020124009946
-2652273352004
-1843930555616
3601021071861
-6919609118478
2753721996129
-3350240023584
2945257036237
-6594161868125
-2265956915176
-3169255642465
-3821773321477
3599397893555
-7530735750687
-6319033145258
-3071864944105
5555327752285
-6213526555368
6024426282719
-4189423207786
-3792556111969
-6877406482522
2902242811128
7947080986176
1279876094281
-3726005801423
6165642795341
-7587546991397
7893516102078
-883820587617
-5326459611139
4837882941033
-7849690287816
-2434767459
2182363232417
-7048651793805
966602681223
-5390575154226
7888646567160
-593271670843
6439959929055
6810856171976
-2596273700447
-5569936357039
-1824452415944
4280321192922
-8092355444563
852980199803
7302679198694
-5090287167616
-5511501938023
1212514194582
-6034165352555
-6145353066516
-4544899256800
-742604074995
7471489742518
615184577974
-6270337796078
6745929039736
7051086561264
2432332691541
-442316088385
-6378279153427
-2191290713100
1279876094281
575416709477
4864665383082
-1718945826054
-35709922732
-6052831903074
-5743616435781
-7191491484733
1490889274061
2440448583071
-7557518192736
5547211860755
-3058879517657
5552892984826
7158216329460
4397190030954
-2345492652170
5859673684660
-5466052945455
-681734888520
-6370163261897
-5783384304278
-3805541538417
4223509952212
745038842454
3182241068913
-1229557566795
-7426040749950
6183497756707
-7724705558254
7434156641480
-6777581016703
585967368466
2329260869110
-465852173822
5276952672806
6143729888210
7180940825744
7134680244023
-6713465473616
2972039478286
3198472851973
7346505012956
1668627298568
7774212496587
5849123025671
3683803165467
-7624880092435
3997888167678
4192669564398
152578760764
-3085661959706
-5520429418706
2883576260609
5334575502669
-3728440568882
-2127175170013
1177615861003
-7318910981754
6114512678702
7805864473554
4745361777591
4327393363796
4064438478224
-4699912785023
400925041582
2951749749461
7901631993608
-2368217148454
4331451309561
-2269203271788
4270582123086
1177615861003
54376473251
-552692213193
-2224565868373
-3978410028006
-4643913133466
7431721874021
-3776324328909
811589153000
1584222026656
-6319844734411
6295497059821
3846932585220
-445562444997
-6424539735148
-2299232070449
-7766096605057
-673618996990
-7305925555306
5873470700261
6072310042746
5655153218104
-6388829812416
-6572248960994
-6402626828017
4292495030217
-5090287167616
-7233694120689
6318221556105
1473845901848
-4975041507890
-7579431099867
-1238485047478
525098181991
7888646567160
3123806649897
4199973866775
-7312418268530
-6577930085065
-6388829812416
-7266157686809
2834880911429
-839183184202
-3622933978992
-560808104723
-7989283622132
-1434078033351
7697111527052
-6985347839871
5115446431359
680111710214
-4722637281307
6874160125910
-2928213664024
6360424192061
-5973296166080
-2687983274736
545387910816
-3372964519868
110376124808
-2477781684109
7202853732875
1514425359498
-1967292106872
2230246992444
5964368685397
5909992212146
-2234304938209
7812357186778
-404171398194
-261331707266
-5066751082179
-4914172321415
-3454935024321
1145152294883
6251671245559
6351496711378
4459682395735
242665156747
6936652490691
-617619345433
2166131449357
-1124862566058
2205899317854
-1041268883299
664691516307
2102015906270
6732132024135
-7217462337629
4718579335542
-1160572488790
-1710829934524
64115543087
3140038432957
-725560702782
5091098756769
-4867100150541
7917863776668
-2861663353478
-2655519708616
573793531171
-442316088385
3545021420304
3748730297707
5787442250043
-1794423617283
4991273290950
-7298621252929
-4866288561388
656575624777
-8111833584235
1735989198267
-4445885380134
-7543721177135
2532158157360
-3161139750935
-2581665095693
-2367405559301
5979788879304
7229636174924
3174936766536
-1111065550457
5566690000427
-7941399862105
-848922254038
3922410376449
2106073852035
-4045771927705
2273261217553
5422227131193
98202287513
7253983849514
4868723328847
-4601710497510
-6038223298320
-4854926313246
-2191290713100
-7949515753635
-1057500666359
3326703938147
581097833548
6896884622194
6405061595476
-6939898847303
3066995409187
-617619345433
5010751430622
-7988472032979
-839183184202
-6448075820585
1479527025919
4897128949202
-472344887046
-3570992273200
1269325435292
4162640765737
7288882183093
5091098756769
4989650112644
7157404740307
-5523675775318
2285435054848
-5234750036850
-7201230554569
-175303257048
-2390941644738
6553582410475
-7268592454268
-5271271548735
6925290242549
-1511990592039
5519617829553
5717645582885
6925290242549
-780748765186
-1861785516982
495880972483
-6037411709167
6751610163807
-7695488348746
5423038720346
1323701908543
6458626479574
-1221441675265
3213893045880
-5593472442476
-3020734827466
7663836371779
777502408574
1558251173760
-5824775351081
135535388551
-3590470412872
-2966358354215
6379090742580
2140972185614
3926468322214
194781396720
1126485744364
-7090854429761
-3382703589704
-2265956915176
-6067440507828
-571358763712
6340946052389
3744672351942
3420848279895
1358600242122
1549323693077
2604389591977
7404939431972
6020368336954
-2610070716048
2291927768072
-2258652612799
2039523541489
-5479849961056
6443206285667
2763461065965
4805419374913
6936652490691
-7223143461700
-6267903028619
-4024670609727
-7335954353967
-5377589727778
3911859717460
1349672761439
-7323780516672
-5520429418706
1717322647748
6195671594002
-6529234735885
2022480169276
5492835387504
2567868080092
-7988472032979
7150912027083
4889013057672
-1802539508813
7598097650386
-7587546991397
7586735402244
-2879518314844
1542019390700
-1130543690129
-7387896059759
7585923813091
-7196361019651
-1075355627725
2786185562249
1001501014802
-3022358005772
1271760202751
2883576260609
-6872536947604
-4752666079968
2769953779189
7654908891096
193969807567
1977031176708
8076123661503
3018300060007
1804974276272
-5983846825069
-503996864013
-1134601635894
3743860762789
4162640765737
-4275451658004
-7072187879242
-1447063459799
-3357544325961
-4053887819235
-3579919753883
2420970443399
5996020662364
3294240372027
-7320534160060
8007138583498
1080225162643
6168889151953
-8031486258088
6823841598424
1081036751796
566489228794
1349672761439
-1745728268103
2881141493150
4221886773906
-1322890319390
-1786307725753
1865843462747
52753294945
2834880911429
-5024548446223
-891124889994
4419102938085
-426084305325
4333074487867
-5854804149742
809965974694
-3034531843067
-153390349917
4203220223387
7067318344324
1407295591302
788864656716
-633851128493
8068819359126
-2164508271051
-6052020313921
3470355218228
-728807059394
1646714391437
-6026861050178
441504499232
-450431979915
6051208724768
3846932585220
-3608325374238
7945457807870
-6975608770035
6735378380747
-3695165413609
801850083164
-6926101831702
-5738746900863
-3651339599347
2245667186351
7930849203116
7783951566423
-6790566443151
-1402426056384
7260476562738
6626625434245
4791622359312
-3172501999077
7327838462437
2958242462685
-5350807285729
-1995697727227
6141295120751
-8022558777405
6668016481048
31651976967
-6334453339165
1482773382531
481272367729
-7776647264046
-1859350749523
-566489228794
-2191290713100
5231503680238
7555083425277
-7914617420056
-5675442946929
-1634540554142
7635430751424
5918919692829
-2123117224248
-7773400907434
7360302028557
1201963535593
7305113966153
5487154263433
3959743477487
2952561338614
2102015906270
-4161017587431
4024670609727
-7304302377
6097469306489
689850780050
-3612383320003
4165887122349
4406117511637
-169622132977
-7919486954974
2834880911429
-5576429070263
-129042675327
-3627803513910
4648782668384
-6143729888210
-7564010905960
4492145961855
-547011089122
-6250859656406
3294240372027
4640666776854
-2705838236102
-5652718450645
-1242542993243
5371908603707
-3751976654319
-6167265973647
-3942700105274
8042848506230
2048451022172
581097833548
-1921031525151
-1430020087586
-1716511058595
6392887758181
3469543629075
47072170874
-2299232070449
6940710436456
7956820056012
-2595462111294
3246356612
3379457233092
2629548855720
-5751732327311
3177371533995
4428030418768
4917418678027
-7044593848040
-877327874393
3860729600821
-6030107406790
1433266444198
7358678850251
-2581665095693
-6995898498860
-5824775351081
-2299232070449
3269892697437
-4999389182480
336809498495
-4183742083715
2834880911429
1225499621030
-2191290713100
-2806475291074
5836949188376
4162640765737
-1464918421165
5409241704745
200462520791
-4229191076283
-1046138418217
-4142351036912
3836381926231
-660633570542
-4650405846690
3914294484919
6685871442414
-6318221556105
445562444997
7229636174924
1479527025919
6719146597687
7404939431972
4230814254589
-5306169882314
3260965216754
-4231625843742
1145152294883
-5057823601496
-1275818148516
-3735744871259
7214215981017
-4783506467782
5588602907558
230491319452
-6504887061295
-7245867957984
2404738660339
-6046339189850
5582110194334
7882153853936
-7582677456479
-6955319041210
-6706972760392
7445518889622
832690470978
6577930085065
-5216083486331
5698979032366
-6135613996680
-3660267080030
-4709651854859
-6883899195746
-6531669503344
5422227131193
-3290182426262
-6162396438729
-3075111300717
-1802539508813
-3284501302191
6719146597687
7140361368094
3558006846752
5651095272339
1466541599471
-7102216677903
-1055065898900
3748730297707
927646401879
-6044716011544
-5705471745590
3151400681099
-6785696908233
4715332978930
-7355432493639
4919041856333
-4329828131255
-1629671019224
-390374382593
-5350807285729
3447630721944
1671873655180
-5967615042009
-1697844508076
-5279387440265
4155336463360
2902242811128
-6408307952088
-6326337447635
-7587546991397
-7978732963143
-5287503331795
-3385949946316
-1199528768134
4162640765737
-1666192531109
4243799681037
6317409966952
-1127297333517
2551636297032
7193926252192
3482529055523
-5100837826605
3186299014678
8115079940847
-123361551256
-133912210245
-5436024146794
3536905528774
6476481440940
3338877775442
4998577593327
1948625556353
6217584501133
5231503680238
7434968230633
5558574108897
-2037088774030
-5242054339227
-5506632403105
7944646218717
2964735175909
230491319452
4718579335542
4337944022785
5870224343649
3379457233092
-1483584971684
-334374731036
7305113966153
1740858733185
-6977231948341
7695488348746
-437446553467
2685548507277
2382014164055
2581665095693
7506388076097
3311283744240
-4868723328847
-7909747885138
-856226556415
3665948204101
-7255607027820
1334252567532
3747107119401
-1127297333517
850545432344
-7468243385906
-3231748007246
-2234304938209
-482895546035
-3119748704132
6948826327986
-5204721238189
54376473251
5723326706956
-2864098120937
-3791744522816
-6766218768561
-1494947219826
-1060747022971
-7408185788584
-3434645295496
-8032297847241
4415044992320
6637176093234
-6504887061295
-1978654355014
-4545710845953
4406117511637
-6424539735148
4087162974508
6698045279709
-4617942280570
7481228812354
-8059891878443
4450754915052
2982590137275
-7681691333145
931704347644
-336809498495
-7956820056012
6095846128183
-6977231948341
-2774823314107
1145152294883
1445440281493
-5701413799825
1599642220563
-2903865989434
-4927969337016
-1273383381057
-5400314224062
-5491212209198
4405305922484
2152334433756
-1059123844665
3385138357163
-5897006785698
-6934217723232
-2944445447084
-30840387814
4991273290950
7212592802711
-4798926661689
1223876442724
3488210179594
-7889458156313
-4539218132729
1348049583133
1104572837233
-5408430115592
-4218640417294
1315586017013
-4798926661689
5968426631162
-5447386394936
2675809437441
-7317287803448
-153390349917
-7284824237328
4986403756032
-1804974276272
5806920389715
454489925680
3583166110495
5784195893431
-2550013118726
-6306859307963
995008301578
-7658155247708
-3213893045880
71419845464
-968225859529
2417724086787
-6203787485532
-2173435751734
-4845187243410
7375722222464
-6453756944656
6865232645227
516170701308
-5371097014554
-6782450551621
-210201590627
-3932961035438
-1160572488790
7485286758119
-2436390637306
7278331524104
4545710845953
-3197661262820
-256462172348
3447630721944
-5401125813215
-7201230554569
7443895711316
4243799681037
1370774079417
-990138766660
-2522419087524
4036032857869
3630238281369
-3932149446285
-568923996253
-2656331297769
6108831554631
1812278578649
7958443234318
1695409740617
7778270442352
7792067457953
-3592093591178
-4335509255326
-502373685707
-7752299589456
-3117313936673
7471489742518
-7587546991397
-8107775638470
-6448075820585
-3089719905471
1985147068238
5523675775318
-4783506467782
-333563141883
-1632105786683
6202975896379
-3728440568882
-6457003301268
-7268592454268
-4666637629750
-7632995983965
-7792067457953
4809477320678
-1389440629936
-7141984546400
-745038842454
2226189046679
-33275155273
-5514748294635
6413989076159
5045649764201
-4841940886798
411475700571
-5576429070263
-4246234448496
-5767152521218
1381324738406
-771821284503
-1354542296357
-3872091848963
4670695575515
-3997888167678
-6135613996680
-4781071700323
7546967533747
7176071290826
-379012134451
4494580729314
6732943613288
-445562444997
7173636523367
-7163085864378
-4943389530923
8035544203853
-2791866686320
-2834069322276
361157173085
3710585607516
-809154385541
6702103225474
5935963065042
3418413512436
-2734243856457
-1615874003623
-654952446471
2675809437441
-3222008937410
1753032570480
-3651339599347
-4135046734535
-5375966549472
-6706972760392
-6982913072412
1290426753270
2025726525888
-4461305574041
-5332952324363
5850746203977
-4494580729314
-2747229282905
-5020490500458
562431283029
-5056200423190
-1503063111356
-3260965216754
-5648660504880
-3275573821508
7738502573855
-2759403120200
4808665731525
-6556017177934
-2191290713100
-7541286409676
-4438581077757
3536905528774
-418780002948
6576306906759
-2335753582334
-3262588395060
-5147098408326
-4564377396472
7841574396286
-7228824585771
1989205014003
1425962141821
2057378502855
-3902120647624
5438458914253
-5105707361523
1302600590565
-2474535327497
5961933917938
5290749688407
3967047779864
-107941357349
7384649703147
-4680434645351
-6958565397822
5864543219578
-6129121283456
-2193725480559
-5182808331058
-5047272942507
1040457294146
1685670670781
-6672074426813
-194781396720
-7632995983965
-3338066186289
6662335356977
-2191290713100
-4927969337016
-3636730994593
-5621878062831
5290749688407
-1718945826054
1763583229469
-5897006785698
1432454855045
-5595095620782
-4493769140161
3018300060007
702836206498
4040902392787
2101204317117
2537839281431
-1697032918923
1798481563048
6290627524903
-7732821449784
1956741447883
1164630434555
1994886138074
-7494214238802
-5493646976657
5836137599223
2265956915176
-601387562373
-8037167382159
-5584544961793
1923466292610
930892758491
3422471458201
-199650931638
1542019390700
-2175870519193
6811667761129
4725072048766
-6388829812416
-463417406363
-1959987804495
-4704782319941
5993585894905
-5988716359987
4798926661689
-7140361368094
2152334433756
195592985873
-899240781524
4918230267180
-511301166390
-1431643265892
6433467215831
-2569491258398
-897617603218
6178628221789
-1321267141084
1777380245070
4273828479698
4137481501994
926023223573
7400069897054
697155082427
-3282878123885
2321956566733
-5192547400894
-4410987046555
4206466579999
1871524586818
3580731343036
-5910803801299
7305113966153
6889580319817
-3894004756094
3185487425525
5842630312447
7908124706832
-3716266731587
-7039724313122
-1872336175971
7408997377737
-6101527252254
3102705331919
5205532827342
-2905489167740
1404860823843
1764394818622
-125796318715
-4668260808056
3328327116453
-7335954353967
-1780626601682
736111361771
6671262837660
3911859717460
-6357177835449
7278331524104
-3248791379459
2521607498371
-3932149446285
5556139341438
-992573534119
-2179928464958
3415978744977
-4018177896503
5603211512312
7530735750687
1305035358024
-2132044704931
-845675897426
1292861520729
-5479038371903
-3256095681836
-6396945703946
-5167388137151
6681813496649
1298542644800
2089842068975
-7573749975796
6767030357714
-5783384304278
7861052535958
-1659699817885
-1280687683434
6097469306489
1662134585344
1901553385479
6671262837660
3291805604568
6335264928318
-1267702256986
2265956915176
-5181996741905
6944768382221
6309294075422
3599397893555
6948826327986
6882276017440
-3683803165467
-1083471519255
7090854429761
-3104328510225
-4970171972972
-760459036361
4540029721882
3267457929978
7990095211285
-1141094349118
3058879517657
-4876839220377
-1924277881763
5100026237452
592460081690
6425351324301
-2209957263619
927646401879
-7419548036726
6910681637795
-2179928464958
1763583229469
5293184455866
584344190160
-3338066186289
-8092355444563
-4461305574041
-5225010967014
3710585607516
-1369962490264
5174692439528
-4828955460350
5046461353354
-4762405149804
-5114634842206
4575739644614
-4948259065841
-4006004059208
-3389196302928
-4998577593327
1205209892205
6294685470668
-1924277881763
-3176559944842
-3980844795465
1091587410785
-5564255232968
-3949192818498
4718579335542
5836949188376
-2255406256187
5200663292424
-6453756944656
-5716022404579
6331206982553
-4752666079968
260520118113
-2350362187088
2586534630611
-5663269109634
7035666367357
7006449157849
2065494394385
-4768086273875
7088419662302
-3556383668446
4649594257537
7958443234318
3839628282843
-4102583168415
-2119059278483
5030229570294
7672763852462
1808220632884
852980199803
7499083773720
6494336402306
254838994042
2449376063754
-2073610285915
-3794990879428
4377711891282
-4953128600759
7470678153365
-600575973220
219940660463
4532725419505
4083916617896
-4498638675079
-48695349180
-898429192371
-6388829812416
5225822556167
3218762580798
-3213893045880
-4905244840732
-3646470064429
6251671245559
2442071761377
4640666776854
4425595651309
-1864220284441
2308971140285
-2951749749461
-1514425359498
-4225944719671
187477094343
1730308074196
2132856294084
-3338066186289
-6823030009271
1450309816411
1635352143295
7305113966153
-1511990592039
2410419784410
4919041856333
1646714391437
959298378846
4273016890545
-4207278169152
2796736221238
951994076469
-7482851990660
-1318832373625
-7672763852462
-271882366255
-6047962368156
7180940825744
-7476359277436
5126808679501
-6736189969900
-5699790621519
-5614573760454
4503508209997
-3975163671394
-4232437432895
4039279214481
-900863959830
-1425962141821
-2047639433019
-7387084470606
-6147787833975
7839951217980
-120115194644
2829199787358
-4868723328847
6444017874820
-1897495439714
-1057500666359
-3851802120138
3238240720470
6965058111046
-2164508271051
-1424338963515
7544532766288
-7176882879979
6300366594739
2832446143970
-2436390637306
-328693606965
-2879518314844
25970852896
-416345235489
1530657142558
1764394818622
-4586290303603
-5676254536082
3043459323750
1794423617283
-1929147416681
-4350117860080
-4535160186964
-7788821101341
2473723738344
2225377457526
2736678623916
-5462806588843
7535605285605
2176682108346
-7637865518883
1230369155948
751531555678
4040902392787
1847176912228
6872536947604
2066305983538
7094912375526
-8042848506230
-2966358354215
-2925778896565
-4339567201091
538083608439
-3983279562924
-1127297333517
-2153146022909
3389196302928
1288803574964
4587101892756
-5724138296109
-1950248734659
586778957619
1528222375099
-1321267141084
-5194170579200
2952561338614
7198795787110
-5225010967014
-2687983274736
-1745728268103
-7493402649649
4570870109696
1941321253976
1869089819359
5313474184691
4419102938085
916284153737
5853992560589
-7047840204652
3388384713775
6951261095445
228056551993
6136425585833
3998699756831
7198795787110
2532158157360
-5087040811004
8098036568634
7284824237328
440692910079
6375032796815
-1417034661138
5002635539092
5014809376387
-4549768791718
3971917314782
1977031176708
2148276487991
7302679198694
-7047840204652
-4661768094832
224810195381
1658076639579
-789676245869
709328919722
5113823253053
5636486667585
6636364504081
7401693075360
5958687561326
-45448992568
-3786063398745
6014687212883
4406117511637
-5933528297583
-7713343310112
344113800872
2123117224248
5838572366682
1119181441987
-3958120299181
5150344764938
-4470233054724
1363469777040
300287986610
1311528071248
484518724341
-3915917663225
2810533236839
47072170874
2468854203426
6952072684598
-4042525571093
2476158505803
6995086909707
3495514481971
-5742804846628
-6069875275287
-1444628692340
-7505576486944
-5265590424664
6637176093234
-7035666367357
2937141144707
3153023859405
3611571730850
-6021179926107
-6038223298320
-5040780229283
7365171563475
-1263644311221
-4226756308824
3556383668446
-1468164777777
-5626747597749
7176071290826
1288803574964
2753721996129
5213648718872
-744227253301
7953573699400
-582721011854
6650973108835
-6038223298320
-930081169338
-7291316950552
-95767520054
6304424540504
-6908246870336
-6827899544189
5826398529387
-2364159202689
3421659869048
-1168688380320
-899240781524
7356244082792
5511501938023
59246008169
6952072684598
1323701908543
5328894378598
157448295682
-7831023737297
2858416996866
3914294484919
2797547810391
6475669851787
2699345522878
6379902331733
-7831023737297
7357055671945
5348372518270
-2815402771757
-5616196938760
1993262959768
4009250415820
4532725419505
7119260050116
523475003685
-278375079479
4138293091147
3480094288064
2886822617221
-1479527025919
-584344190160
-4978287864502
-7695488348746
-2519172730912
4224321541365
973095394447
2644969049627
6474046673481
4387450961118
-5484719495974
172868489589
3922410376449
-2028972882500
3439514830414
7257230206126
-6638799271540
-5367039068789
-5390575154226
1268513846139
1266079078680
-2278942341624
-7319722570907
-5284256975183
-6579553263371
1286368807505
-7049463382958
-1203586713899
-1580975670044
-4048206695164
659010392236
7874849551559
3238240720470
-4556261504942
481272367729
6650973108835
-4079047082978
4517305225598
-3162762929241
6577930085065
-7600532417845
-4881708755295
2338999938946
219940660463
-4957998135677
6114512678702
1985147068238
5039157050977
5196605346659
-6930971366620
-28405620355
7440649354704
-5064316314720
1653207104661
-1802539508813
4617130691417
7283201059022
-4655275381608
198027753332
5348372518270
-3317776457464
1847176912228
-5201474881577
8037167382159
3575050218965
-6959376986975
3476036342299
-776690819421
1685670670781
5801239265644
2325202923345
2023291758429
6660712178671
-902487138136
4863042204776
-4656898559914
327882017812
-4747796545050
-4755100847427
7481228812354
1627236251765
4333074487867
1153268186413
1925901060069
2595462111294
2025726525888
1550946871383
5443328449171
2854359051101
-6892826676429
-586778957619
-1688917027393
-4152090106748
-6472423495175
6650973108835
-1869089819359
1737612376573
4535971776117
7105463034515
-2424216800011
-391997560899
7081926949078
-4536783365270
5818282637857
-2706649825255
-3688672700385
649271322400
-4807854142372
-2298420481296
1122427798599
6662335356977
990138766660
484518724341
2591404165529
-7178506058285
-6715900241075
2784562383943
-852168610650
5637298256738
1618308771082
4718579335542
5556139341438
3151400681099
2740736569681
-4079047082978
4374465534670
-6370974851050
-4142351036912
1604511755481
1313151249554
-2433955869847
1115935085375
-7366794741781
-3105951688531
1808220632884
-7184187182356
84405271912
-4873592863765
-2283811876542
2680678972359
5611327403842
2278942341624
-4317654293960
6422916556842
3885888864564
-647648144094
4468609876418
-6112077911243
5816659459551
-4853303134940
-4728318405378
7135491833176
-2972851067439
7454446370305
-4226756308824
-1486831328296
4519739993057
2131233115778
2218073155149
4178060959644
2810533236839
4171568246420
-1382947916712
723937524476
3102705331919
51941705792
-3033720253914
4087162974508
-2852735872795
8007138583498
-5622689651984
2652273352004
-4352552627539
913849386278
4566000574778
-6208657020450
5457937053925
-418780002948
5563443643815
77100969535
-6061759383757
-2028972882500
-2746417693752
-2390130055585
-6993463731401
-7729575093172
6925290242549
4575739644614
-1172746326085
-4118003362322
-4056322586694
-449620390762
-3486587001288
946312952398
-4198350688469
-6689929388179
-6015498802036
-5676254536082
1505497878815
-5305358293161
-921153688655
-6737001559053
-7805052884401
7469054975059
-5511501938023
7805864473554
-2630360444873
3775512739756
1493324041520
164752598059
-3264211573366
959298378846
3651339599347
-4677188288739
3210646689268
-3783628631286
-1377266792641
52753294945
5011563019775
5196605346659
-3230124828940
-6530857914191
-6793812799763
-1885321602419
-7165520631837
6340946052389
5078113330321
4522174760516
5578052248569
2846243159571
-7723082379948
3121371882438
2545955172961
-4476725767948
7837516450521
5379212906084
-1238485047478
2425028389164
-1899118618020
4879273987836
-3753599832625
-1280687683434
-5335387091822
333563141883
-6776769427550
-3648093242735
1313151249554
2687171685583
1365092955346
-2107697030341
2772388546648
4425595651309
4970983562125
709328919722
6230569927581
-1623989895153
-1415411482832
1009616906332
-7007260747002
2767519011730
-7691430402981
-4891447825131
7229636174924
-2628737266567
-2390941644738
-5093533524228
-6031730585096
-3872091848963
5691674729989
3840439871996
7084361716537
-3540151885386
-919530510349
5880775002638
-6145353066516
-1345614815674
1434889622504
-4316031115654
-7413866912655
-1589903150727
1459237297094
6874160125910
-1046138418217
-6620132721021
-1020167565321
5964368685397
1385382684171
-4677188288739
2084972534057
1691351794852
-1718945826054
5345937750811
-4932838871934
-7541286409676
1674308422639
400925041582
5752543916464
3817715375712
-4865476972235
3140850022110
-3295863550333
-7184187182356
573793531171
-1941321253976
1262021132915
7654908891096
-1102949658927
-6254106013018
2770765368342
-2536216103125
1731119663349
-2652273352004
7249114314596
-3629426692216
-1535526677476
3028850718996
4337944022785
-3585600877954
1688105438240
-3459804559239
3384326768010
5674631357776
-848922254038
-434200196855
-4690173715187
-3340500953748
4031974912104
7498272184567
-6501640704683
44637403415
5281010618571
-4392320496036
5732254187639
59246008169
-5942455778266
4863042204776
720691167864
4266524177321
-1980277533320
6941522025609
-7556706603583
6646915163070
-3480094288064
-4303857278359
-1120804620293
-7176071290826
135535388551
1470599545236
6952072684598
2665258778452
-3847744174373
-335186320189
3832323980466
-333563141883
-1715699469442
2333318814875
-992573534119
615184577974
3446007543638
7097347142985
-7571315208337
5849934614824
-898429192371
-3713020374975
2830011376511
-122549962103
-753154733984
3661890258336
71419845464
8068819359126
2964735175909
-3834758747925
6682625085802
6422104967689
6893638265582
-5332140735210
-4970983562125
-1354542296357
-3729252158035
131477442786
-7493402649649
6758914466184
6153468958046
-5284256975183
-6031730585096
-3971917314782
-5184431509364
1417846250291
-4245422859343
-931704347644
2548389940420
-7054332917876
-1351295939745
4010062004973
-5897006785698
-7698734705358
-6579553263371
-2238362883974
-4449131736746
7389519238065
4439392666910
2792678275473
-6522742022661
-2012741099440
2592215754682
-1721380593513
-4580609179532
2342246295558
6766218768561
-4881708755295
4274640068851
-3825019678089
-4972606740431
-6577118495912
6771088303479
-2554882653644
5880775002638
-4697478017564
-2724504786621
-469910119587
-4412610224861
7270215632574
5030229570294
1432454855045
-1041268883299
-3708150840057
-5056200423190
7698734705358
368461475462
-3125429828203
171245311283
5807731978868
5740370079169
4808665731525
-404171398194
5629182365208
3826642856395
-2428274745776
671184229531
-7116825282657
-1372397257723
-6834392257413
-301099575763
6091788182418
5752543916464
3623745568145
6273584152690
-174491667895
4959621313983
1460860475400
-7587546991397
-6928536599161
3761715724155
-3394877426999
4587101892756
-3747918708554
7958443234318
-5289126510101
-2206710907007
-7967370715001
-4534348597811
-6676943961731
-7587546991397
1761960051163
-7672763852462
-6640422449846
663879927154
-891124889994
-5569936357039
7798560171177
5002635539092
5196605346659
-1720569004360
4509189334068
-838371595049
-840806362508
3049140447821
-5319155308762
-7518561913392
1112688728763
-5530168488542
-8081804785574
-1527410785946
-203708877403
-6147787833975
-3486587001288
4039279214481
417156824642
-3252037736071
2954184516920
4341190379397
3990583865301
4941766352617
5665703877093
-1996509316380
-5375966549472
-1853669625452
7498272184567
-7101405088750
-235360854370
1703525632147
-1255528419691
7257230206126
-4755100847427
-7419548036726
2090653658128
2167754627663
-1628859430071
-852168610650
-7491779471343
7035666367357
-1899118618020
-2037900363183
-3865599135739
3885077275411
-7216650748476
5964368685397
2398245947115
-4079047082978
-5487965852586
1143529116577
-2265956915176
-7600532417845
5876717056873
-3906990182542
-1967292106872
-374954188686
-5828833296846
-3052386804433
7163085864378
7202853732875
-3644035296970
-1402426056384
1529033964252
3932961035438
-37333101038
-5392198332532
-6872536947604
-1559874352066
3332385062218
3858294833362
4301422510900
-7579431099867
-2492390288863
6270337796078
5217706664637
-3747107119401
-4494580729314
6913927994407
3445195954485
4863042204776
-7919486954974
-5282633796877
-1214137372888
602199151526
-1553381638842
84405271912
-5345937750811
-4541652900188
-1041268883299
-2027349704194
-7543721177135
-3454123435168
-2849489516183
4374465534670
-5380836084390
-2256217845340
-4287625495299
-7223143461700
4977476275349
857038145568
2537027692278
6250859656406
2992329207111
-4541652900188
-6039846476626
3967859369017
-3122183471591
6636364504081
573793531171
-7695488348746
-6419670200230
-5372720192860
3121371882438
-609503453903
6633929736622
7792067457953
-6233816284193
6633929736622
-3519050567408
-7325403694978
3873715027269
-4255161929179
-1843930555616
-5119504377124
-3243921844541
-7273461989186
-3342935721207
-3260153627601
3480905877217
-6347438765613
-2356043311159
-6194860004849
-2179928464958
1042892061605
6592538689819
2240797651433
1230369155948
584344190160
7133057065717
-3338066186289
7869980016641
1572859778514
3362413860879
7736067806396
-2984213315581
1086717875867
1400802878078
1783872958294
5616196938760
400925041582
7201230554569
7615952611752
-7240186833913
4038467625328
6542220162333
-7441460943857
-5125185501195
762893803820
676053764449
6814102528588
-4841940886798
-7732821449784
6443206285667
-4353364216692
7478794044895
676053764449
-6388018223263
417156824642
5907557444687
2745606104599
-4212147704070
-5543153914990
-5750109149005
-5474168836985
6159961671270
7025115708368
4234060611201
2136102650696
3013430525089
6294685470668
-6388018223263
4514870458139
-7691430402981
3379457233092
-527532949450
-3010995757630
-6257352369630
6033353763402
-6834392257413
-5595095620782
973095394447
-1199528768134
-4916607088874
-2083349355751
-7085173305690
-2037900363183
-4570058520543
-2722881608315
6615263186103
2649838584545
-7219897105088
8067196180820
1302600590565
3661078669183
7792067457953
-6795435978069
3710585607516
3910236539154
1942132843129
-4487276426937
-3866410724892
-4808665731525
4086351385355
-2364159202689
7013753460226
6542220162333
2000567262145
305157521528
368461475462
-2033030828265
-6579553263371
5713587637120
833502060131
-3547456187763
3225255294022
2932271609789
3158704983476
6458626479574
4987215345185
-1577729313432
2789431918861
6965058111046
-3256095681836
6045527600697
361968762238
854603378109
2061436448620
-2838127268041
-1459237297094
4054699408388
-7503141719485
1097268534856
-6715900241075
733676594312
-6001701786435
5046461353354
3678122041396
-7138738189788
-322200893741
-2193725480559
6990217374789
-2937952733860
-6719958186840
-3592093591178
2548389940420
-3674875684784
7386272881453
-8111833584235
913849386278
7869980016641
-5380836084390
-7399258307901
2125551991707
5524487364471
4387450961118
2246478775504
-1199528768134
-2619809785884
-1199528768134
5723326706956
-6993463731401
-4773767397946
-4096090455191
7176071290826
7725517147407
-4473479411336
-6943956793068
118492016338
3014242114242
-4308726813277
6551147643016
290548916774
3969482547323
-1051819542288
-2581665095693
7262911330197
7728763504019
-5948948491490
5853992560589
-1191412876604
-7746618465385
-3823396499783
-6356366246296
-708517330569
-164752598059
-600575973220
4803796196607
-1623178306
4541652900188
395243917511
-1871524586818
-5522052597012
-1802539508813
-543764732510
-1918596757692
6340946052389
5848311436518
5709529691355
-2580041917387
2089842068975
6577930085065
-8100471336093
6608770472879
-6021179926107
-5767152521218
-3947569640192
150143993305
-4401247976719
2680678972359
4517305225598
795357369940
-4879273987836
-2278130752471
-1901553385479
-991761944966
2581665095693
-4049829873470
-5225010967014
5933528297583
5423038720346
-1240108225784
5681935660153
6385583455804
-2196160248018
-3129487773968
-5610515814689
2985836493887
-4911737553956
-5858050506354
150143993305
6947203149680
6967492878505
-7996587924509
-5329705967751
5371908603707
-2498071412934
-8073688894044
6735378380747
4138293091147
-877327874393
-2890880562986
2283811876542
7571315208337
-214259536392
-3747107119401
-1240108225784
2843808392112
-7253172260361
-5879963413485
7158216329460
4855737902399
7738502573855
6979666715800
-7070564700936
-6689929388179
2522419087524
2273261217553
2398245947115
5739558490016
2355231722006
-3751976654319
-7325403694978
-7194737841345
5599965155700
3389196302928
3526354869785
1185731752533
-6557640356240
-8083427963880
1042080472452
4636608831089
6898507800500
-3875338205575
4273828479698
1115123496222
-6199729539767
4798115072536
-4252727161720
-6301178183892
3309660565934
-315708180517
3568557505741
5562632054662
8111833584235
6739436326512
6077991166817
4243799681037
-1547700514771
-7462562261835
-5472545658679
5532603256001
-5305358293161
2511868428535
2937141144707
2020045401817
2046827843866
2361724435230
-7529112572381
-4552203559177
3071053354952
-2282188698236
2550824707879
-8040413738771
-6028484228484
-6391264579875
4595217784286
2244855597198
-4436146310298
-6726450900064
-3129487773968
7173636523367
-6363670548673
-2485085986486
-5024548446223
-5588602907558
-8057457110984
-2553259475338
2783750794790
-418780002948
-3148965913640
-2868156066702
4984780577726
5053765655731
-2247290364657
400113452429
6519495666049
-6463496014492
-4714521389777
4331451309561
8088297498798
-6579553263371
-4746173366744
-5186054687670
-1078601984337
553503802346
-865965626251
-5716022404579
-5245300695839
3536093939621
-6226511981816
1705960399606
3902120647624
4932027282781
1253905241385
-4472667822183
-7784763155576
680111710214
-150955582458
2468854203426
8016066064181
4552203559177
-3695165413609
4437769488604
3026415951537
-5127620268654
-2028972882500
481272367729
5305358293161
-4346871503468
-4859795848164
6718335008534
2103639084576
7128187530799
-8083427963880
2410419784410
-6448887409738
-2477781684109
6294685470668
7360302028557
7042159080581
-1041268883299
-6910681637795
-4031974912104
3724382623117
3478471109758
-6177005043483
8103717692705
-6081237523429
2686360096430
3151400681099
-777502408574
5495270154963
-2041146719795
-2498071412934
-2095523193046
457736282292
5717645582885
2014364277746
-1007993728026
2903054400281
-6201352718073
5929470351818
-7452011602846
-7044593848040
391185971746
2417724086787
-178549613660
4279509603769
2239174473127
-592460081690
4532725419505
26782442049
-2068740750997
6657465822059
-8100471336093
-3556383668446
-4927969337016
5988716359987
-4228379487130
-478837600270
-1712453112830
-8037167382159
-4217828828141
-3283689713038
2830011376511
3490644947053
7917863776668
-6563321480311
-71419845464
2810533236839
5567501589580
6896884622194
-6743494272277
-4857361080705
2753721996129
-4643913133466
2196160248018
764516982126
-1885321602419
417156824642
-473156476199
6895261443888
-5138170927643
5058635190649
-2662824010993
-3256095681836
-6668016481048
1267702256986
-7741748930467
4840317708492
7792067457953
6861986288615
113622481420
7359490439404
2393376412197
-835125238437
-7227201407465
6948826327986
6608770472879
-5750109149005
3859106422515
5993585894905
935762293409
-446374034150
-7316476214295
-3269892697437
-5699790621519
2932271609789
-2647403817086
-646024965788
1315586017013
2116624511024
3162762929241
-1804974276272
-389562793440
487765080953
1432454855045
7112767336892
5595907209935
5557762519744
5373531782013
5076490152015
-6689929388179
4057945765
-3866410724892
5522052597012
-706894152263
-395243917511
6585234387442
3783628631286
3150589091946
-3533659172162
-5341879805046
-7972240249919
-2984213315581
-7075434235854
1697032918923
702836206498
-7422794393338
-4222698363059
1694598151464
-2335753582334
1253905241385
-1623178306
7692241992134
6580364852524
573793531171
2950126571155
4148032160983
2057378502855
-1646714391437
-2424216800011
2101204317117
2411231373563
-4643913133466
-7670329085003
-5840195544988
-4045771927705
2468854203426
-2047639433019
-6304424540504
1572859778514
-4002757702596
7141172957247
-2203464550395
-3847744174373
7361113617710
722314346170
4673130342974
5821528994469
-2881141493150
-1836626253239
7392765594677
-911414618819
-5472545658679
-6811667761129
-5376778138625
7095723964679
7918675365821
5492023798351
-3294240372027
-7741748930467
7836704861368
1207644659664
-6830334311648
-2687171685583
1646714391437
-2749664050364
4451566504205
4076612315519
-5046461353354
-951182487316
-1814713346108
2166943038510
-5929470351818
-2162885092745
-3369718163256
-5877528646026
-3669194560713
-5672196590317
6193236826543
-7972240249919
-7129810709105
6194048415696
5251793409063
1864220284441
3687861111232
-5564255232968
4558696272401
-2864098120937
-4686927358575
3713831964128
5334575502669
5586168140099
333563141883
-4556261504942
-7349751369568
6649349930529
7470678153365
2388506877279
-3210646689268
-7716589666724
284867792703
5953818026408
-3847744174373
-4255161929179
-512112755543
7564822495113
-5960310739632
1864220284441
-1804162687119
-5414111239663
5147909997479
-551880624040
6002513375588
-1903988152938
-4074177548060
-7674387030768
1553381638842
7146854081318
-8106964049317
-622488880351
-3275573821508
1292861520729
4660956505679
-2398245947115
-5364604301330
-6522742022661
-7831023737297
2932271609789
2967169943368
3462239326698
-3540963474539
4188611618633
-4023859020574
-6805175047905
2478593273262
-7434968230633
-4079047082978
-1870712997665
-7084361716537
-6090976593265
-5370285425401
-1075355627725
7943023040411
-1442193924881
2451810831213
-6112077911243
8050964397760
7005637568696
5322401665374
6385583455804
1683235903322
2948503392849
-3814469019100
-1654830282967
-5514748294635
4137481501994
-1279876094281
-437446553467
-1675931600945
-7780705209811
-6594161868125
290548916774
4562754218166
-346548568331
7735256217243
3363225450032
-4808665731525
-770198106197
-2966358354215
-1423527374362
-2873025601620
-2477781684109
-969037448682
5330517556904
647648144094
-4771332630487
-1677554779251
1775757066764
-1698656097229
-5284256975183
-1804974276272
-3866410724892
5433589379335
2797547810391
-845675897426
-660633570542
-7911371063444
-3715455142434
1365092955346
777502408574
3794179290275
7418736447573
6861174699462
-6050397135615
777502408574
-2148276487991
-1402426056384
4421537705544
-4999389182480
-1967292106872
2162885092745
1564743886984
-109564535655
-695531904121
-2715577305938
-5648660504880
-6000890197282
417156824642
4329016542102
-4018177896503
1192224465757
7209346446099
1141094349118
1701090864688
-1766829586081
5735500544251
-4891447825131
-2097146371352
7094912375526
1302600590565
-8106964049317
-4376900302129
878951052699
4863042204776
3649716421041
4747796545050
7146854081318
4760781971498
-7070564700936
3665948204101
-2489955521404
3162762929241
-7111955747739
-7042970669734
1939698075670
-3272327464896
-340867444260
984457642589
-6091788182418
3826642856395
-5891325661627
5414111239663
-3988960686995
-4198350688469
-1422715785209
-7345693423803
673618996990
-4320089061419
7038912723969
5899441553157
-2256217845340
1763583229469
3026415951537
-3578296575577
-7047840204652
7214215981017
4988838523491
6965058111046
-7494214238802
5166576547998
-2980155369816
5289938099254
4648782668384
6493524813153
3102705331919
-4079858672131
4116380184016
5907557444687
-2278942341624
-1571236600208
-6563321480311
6250859656406
-2989894439652
-5350807285729
5546400271602
-7289693772246
4074989137213
1778191834223
1104572837233
3253660914377
-2146653309685
-7236940477301
-6424539735148
6493524813153
2136914239849
-5767152521218
-2106885441188
3720324677352
-1258774776303
-6408307952088
5025360035376
7564010905960
-3652962777653
-1216572140347
-6582799619983
-1075355627725
-4661768094832
-7658155247708
5140605695102
-7205288500334
-1996509316380
-4652029024996
7837516450521
-7236128888148
6959376986975
-7877284319018
5979788879304
-4171568246420
3683803165467
-1774133888458
-6592538689819
2681490561512
4871158096306
1880452067501
7128187530799
-1321267141084
-5916484925370
-2047639433019
-3723571033964
7214215981017
-910603029666
-3653774366806
7201230554569
6207033842144
2774823314107
5380024495237
7916240598362
4843564065104
908979851360
4387450961118
-3174936766536
-3566122738282
2315463853509
-3665136614948
-6672886015966
-4263277820709
2002190440451
1223876442724
-4755912436580
2662824010993
-3966236190711
1263644311221
-3801483592652
6861986288615
6949637917139
5501762868187
-443127677538
-7989283622132
-4943389530923
7835081683062
3228501650634
64115543087
-2041958308948
6704537992933
-780748765186
6936652490691
5247735463298
-1836626253239
6955319041210
3756846189237
7120071639269
6704537992933
-7009695514461
8088297498798
-354664459861
5115446431359
935762293409
5918919692829
4854926313246
297853219151
3694353824456
4670695575515
-2484274397333
4385827782812
6948826327986
7392765594677
5216895075484
-460982638904
-3395689016152
-4741303831826
-503996864013
3238240720470
2858416996866
88463217677
6260598726242
5562632054662
2468854203426
-2829199787358
2227000635832
-7766908194210
1188166519992
-3093777851236
6604712527114
8016066064181
-6225700392663
3273950643202
-6016310391189
1540396212394
-2519172730912
4558696272401
-3140038432957
-2033030828265
3914294484919
1119181441987
3268269519131
1548512103924
3667571382407
-1924277881763
-5940832599960
7706039007735
1074544038572
-5223387788708
-7235317298995
1305035358024
-2160450325286
2446941296295
-4548957202565
-1328571443461
-1257963187150
-6409931130394
-5599153566547
2795924632085
3899685880165
7889458156313
-6408307952088
-6426162913454
2038711952336
-2338999938946
6980478304953
5794746552420
7443895711316
-4253538750873
-4920665034639
-4762405149804
803473261470
-1262021132915
4485653248631
7639488697189
-4600087319204
4706405498247
3770643204838
5661645931328
5544777093296
-543764732510
5853992560589
2741548158834
-2879518314844
-7688995635522
6626625434245
-2619809785884
-7084361716537
-3117313936673
-7666271139238
5397879456603
-6290627524903
-3607513785085
7724705558254
2347115830476
-5457125464772
-2519984320065
-6928536599161
5371908603707
-2984213315581
-7918675365821
-1053442720594
-2231870170750
1145152294883
-7723893969101
4065250067377
6350685122225
-7042159080581
-1334252567532
3985714330383
-4539218132729
7888646567160
5140605695102
-7418736447573
5802862443950
-7461750672682
7208534856946
-4957998135677
-5331329146057
292983684233
-5231503680238
7321345749213
-4376088712976
-7329461640743
-4028728555492
4765651506416
5562632054662
-7723893969101
279998257785
-3777947507215
-692285547509
6399380471405
-6512191363672
-3480094288064
4329016542102
1864220284441
-6344192409001
1438135979116
-7877284319018
-5507443992258
1206833070511
1826887183403
2881953082303
-5742804846628
-3181429479760
-3303979441863
6863609466921
2900619632822
-5235561626003
584344190160
-7245867957984
3631861459675
1737612376573
-7448765246234
2352796954547
-808342796388
-1982712300779
-5616196938760
6682625085802
-3579919753883
-6805175047905
-6977231948341
-431765429396
-1442193924881
-6319844734411
4142351036912
-3117313936673
-3264211573366
-4324958596337
7442272533010
-4365538053987
-3769020026532
6910681637795
2271638039247
6980478304953
-5001012360786
-1430020087586
-1960799393648
-2146653309685
3386761535469
-5100837826605
5495270154963
-5259909300593
-5427908255264
-2987459672193
6146164655669
4806230964066
-108752946502
-6642045628152
-4735622707755
-2303290016214
-4094467276885
-6244366943182
-902487138136
-6038223298320
-2234304938209
2954184516920
-5755790273076
6004136553894
-2145841720532
-3727628979729
-2890880562986
-4643913133466
6237874229958
-7691430402981
2742359747987
-34898333579
-900052370677
-7709285364347
6666393302742
7859429357652
2810533236839
5043214996742
-408229343959
706082563110
-5151156354091
-1712453112830
-3651339599347
6720769775993
-6083672290888
-5855615738895
2102015906270
-1695409740617
-7762038659292
2675809437441
-8033921025547
232926086911
-535648840980
2505375715311
-2519984320065
-4222698363059
-1524976018487
7917863776668
-6090165004112
-2428274745776
-4894694181743
727995470241
1281499272587
-3866410724892
-2792678275473
-2238362883974
-7478794044895
6467553960257
-5118692787971
1632105786683
1866655051900
1434889622504
2315463853509
3076734479023
7093289197220
-6108831554631
25159263743
4833013406115
-5431966201029
7947892575329
6918797529325
803473261470
-5231503680238
2833257733123
3969482547323
-367649886309
1683235903322
-4755912436580
7088419662302
162317830600
7948704164482
3948381229345
4544087667647
-7194737841345
-35709922732
5773645234442
-7443084122163
1214137372888
3612383320003
3358355915114
6798682334681
-6830334311648
3741425995330
-2106885441188
-7236940477301
4281132782075
-2230246992444
-4772955808793
-1566367065290
1112688728763
-5332140735210
-3872091848963
2414477730175
4804607785760
-2265956915176
-3774701150603
-6061759383757
-6692364155638
-3122995060744
6024426282719
7838328039674
2736678623916
-5854804149742
6533292681650
7052709739570
4428030418768
-8038790560465
1881263656654
1981900711626
-4697478017564
1817959702720
1189789698298
-5983846825069
-1557439584607
4734811118602
-3630238281369
4198350688469
-848922254038
5979788879304
-2190479123947
2433955869847
-169622132977
1261209543762
4718579335542
1550946871383
5022925267917
-554315391499
5519617829553
-8008761761804
2670939902523
-1007993728026
-7951950521094
7837516450521
-3842063050302
-902487138136
7728763504019
-7242621601372
1753032570480
-3188733782137
-6235439462499
-1414599893679
3850990530985
-7390330827218
-1389440629936
1276629737669
3921598787296
-2506187304464
-4024670609727
-3064560641728
-1425962141821
-2944445447084
-4735622707755
-6816537296047
-3820150143171
4044148749399
2231870170750
-7497460595414
-5282633796877
-7670329085003
-5863731630425
-7120883228422
-399301863276
3914294484919
2991517617958
-8106964049317
-7128187530799
3386761535469
5983846825069
1985147068238
-7866733660029
-3777947507215
-5134112981878
2992329207111
943878184939
1867466641053
6973985591729
-7168766988449
-2033030828265
3747107119401
-2321956566733
-1493324041520
1348049583133
-832690470978
-5996832251517
-715821632946
4034409679563
6568191015229
3945946461886
-2247290364657
6679378729190
-5701413799825
-4703159141635
1230369155948
-6718335008534
5729007831027
-7917863776668
5230692091085
5873470700261
-4665014451444
7384649703147
4138293091147
-5573182713651
-7363548385169
-383881669369
4118003362322
774256051962
5511501938023
7137115011482
6289004346597
1206021481358
361157173085
4178060959644
676865353602
5805297211409
-8025805134017
2885199438915
-7070564700936
3724382623117
3561253203364
485330313494
4544899256800
4204843401693
-2078479820833
-4398813209260
-1494947219826
4527044295434
4690985304340
6214338144521
-4971795151278
-3555572079293
-4133423556229
-4652029024996
2060624859467
7042159080581
-5888079305015
7083550127384
4458870806582
6957753808669
6688306209873
-3950004407651
-2295174124684
-16231783060
-6859551521156
2417724086787
6183497756707
-7565634084266
-5235561626003
-3327515527300
-2803228934462
-6827899544189
7722270790795
-6342569230695
3166009285853
-3569369094894
-2569491258398
2681490561512
4388262550271
731241826853
-5652718450645
-3317776457464
7722270790795
741792485842
-6402626828017
151767171611
-4027916966339
2261898969411
-2433144280694
4808665731525
3014242114242
-3404616496835
-3433022117190
7408185788584
-7800994938636
6183497756707
-6692364155638
4871158096306
-1391063808242
-7986848854673
-2526477033289
-7422794393338
7434156641480
-8024993544864
2067117572691
-7416301680114
4798926661689
-4429653597074
-5150344764938
-7864298892570
-5687616784224
-3544209831151
6645291984764
2196160248018
-3854236887597
-744227253301
6099904073948
6892826676429
-4361480108222
-4511624101527
1286368807505
-6777581016703
1039645704993
-1041268883299
-1216572140347
-2030596060806
-3971917314782
7945457807870
-7942211451258
2026538115041
-7834270093909
-6831957489954
1902364974632
-5633240310973
2756968352741
-81158915300
4879273987836
2812156415145
-2433144280694
2532158157360
6979666715800
-6949637917139
-4159394409125
-4910114375650
-3679745219702
-6217584501133
2736678623916
-5450632751548
5707094923896
-910603029666
2778881259872
-2254594667034
2225377457526
-4368784410599
1269325435292
6131556050915
-5374343371166
-4018177896503
-4719390924695
-2020045401817
-5812601513786
2339811528099
1183296985074
-6448887409738
-3122995060744
297853219151
-7336765943120
-846487486579
5979788879304
7173636523367
958486789693
2315463853509
-1941321253976
-8050152808607
-7850501876969
7728763504019
1731119663349
-335186320189
3140038432957
4157771230819
-1569613421902
3049140447821
2620621375037
7112767336892
4565188985625
-6744305861430
7271838810880
240230389288
7014565049379
-3105951688531
6278453687608
3945946461886
5179561974446
4853303134940
5991962716599
-86028450218
5732254187639
-4784318056935
-6421293378536
-5912426979605
2731809088998
-2214015209384
8010384940110
-1789554082365
7608648309375
2952561338614
7547779122900
5194170579200
-6245178532335
-784806710951
6215961322827
5458748643078
7614329433446
7365983152628
-1629671019224
435011786008
5236373215156
6096657717336
-2136914239849
736111361771
2772388546648
4492145961855
6088541825806
129042675327
6952072684598
-6563321480311
-1925089470916
-5229068912779
-3500384016889
4707217087400
-2360101256924
-1784684547447
5400314224062
-5267213602970
7722270790795
846487486579
-7942211451258
4863042204776
-2640099514709
-5491212209198
-1161384077943
3407862853447
-5104895772370
1494947219826
-4316031115654
-740169307536
1059123844665
-430953840243
-740169307536
-7978732963143
6987782607330
6577930085065
1763583229469
-4897940538355
-2089842068975
771009695350
-4702347552482
1291238342423
-6220019268592
-848110664885
-5246923874145
4064438478224
-4188611618633
-90897985136
7058390863641
4566000574778
-3480094288064
6965058111046
-4015743129044
5805297211409
-1572859778514
5001823949939
-4943389530923
69796667158
573793531171
-2306536372826
-4616319102264
3063749052575
-235360854370
4565188985625
-7966559125848
-7747430054538
925211634420
1240108225784
-7497460595414
5410864883051
7469866564212
47072170874
4839506119339
6249236478100
-4625246582947
6465119192798
2846243159571
566489228794
-3457369791780
310027056446
-4027916966339
3185487425525
2717200484244
-3294240372027
4855737902399
4437769488604
-1310716482095
1716511058595
1219006907806
4039279214481
3630238281369
2180740054111
-5591849264170
-3792556111969
4893071003437
-6915551172713
-2894126919598
659010392236
4918230267180
-3009372579324
-7219085515935
-5034287516059
-346548568331
3265834751672
-2326826101651
310027056446
7391142416371
6389641401569
2782127616484
-4727506816225
-1063993379583
3674875684784
-5325648021986
-3105951688531
3337254597136
-3458181380933
6364482137826
-6908246870336
6828711133342
-6337699695777
6541408573180
-1137036403353
5185243098517
-593271670843
-608691864750
6412365897853
-5931093530124
3885077275411
-3382703589704
-1014486441250
-3303979441863
5319155308762
-8111833584235
-7075434235854
3252849325224
3210646689268
1695409740617
-7877284319018
-5543153914990
-1660511407038
-5127620268654
380635312757
4558696272401
-7848878698663
6105585198019
5773645234442
6402626828017
4143974215218
1081036751796
-1601265398869
-418780002948
3237429131317
2763461065965
3955685531722
-2746417693752
4204843401693
69796667158
2469665792579
1201151946440
2358478078618
-5618631706219
1889379548184
482083956882
771009695350
-22724496284
6948826327986
529967716909
1324513497696
3514992621643
-3264211573366
4490522783549
-7159839507766
-846487486579
-7723082379948
4575739644614
2913605059270
2991517617958
3272327464896
-4665014451444
-1388629040783
-6287381168291
-3588035645413
1586656794115
-4894694181743
-1346426404827
-3080792424788
-4665014451444
-5035099105212
413910468030
5348372518270
-193969807567
-7877284319018
6005759732200
6615263186103
1293673109882
1718945826054
641967020023
-4536783365270
3873715027269
-6693175744791
3631861459675
2983401726428
7547779122900
417968413795
2837315678888
2023291758429
-3172501999077
-3238240720470
2873025601620
-6145353066516
-6999144855472
-2278942341624
6608770472879
-3198472851973
965791092070
2681490561512
-2993952385417
-5361357944718
6340946052389
3975163671394
5401125813215
6071498453593
4087162974508
5077301741168
3685426343773
-1989205014003
-703647795651
6158338492964
1369962490264
4027105377186
411475700571
-7895950869537
835936827590
5077301741168
2383637342361
-3932149446285
-389562793440
7970617071613
6657465822059
-4728318405378
2770765368342
-7636242340577
1292861520729
2193725480559
1939698075670
-2819460717522
7344070245497
-6989405785636
51941705792
-2748040872058
-7912182652597
-4376900302129
2640099514709
-7183375593203
-473156476199
-1138659581659
6318221556105
7878095908171
-732053416006
7587546991397
5845876669059
-1348049583133
-21101317978
5786630660890
7974675017378
2504564126158
3990583865301
1171123147779
1157326132178
7262911330197
2364159202689
-8033921025547
-6520307255202
965791092070
-6813290939435
2201029782936
6618509542715
-1747351446409
-7039724313122
7585923813091
-1908857687856
109564535655
517793879614
7378968579076
-1257151597997
3392442659540
-1745728268103
-4383393015353
5044026585895
4285190727840
-48695349180
3374587698174
7557518192736
947124541551
3818526964865
3341312542901
-921153688655
3088096727165
3399746961917
-2774011724954
-3911048128307
1669438887721
-1143529116577
3770643204838
-1804974276272
-1902364974632
-4901186894967
-1377266792641
-2557317421103
-4727506816225
-5199851703271
-1189789698298
-1753032570480
6857928342850
-6206222252991
-2514303195994
157448295682
1403237645537
-4532725419505
-5818282637857
-4079047082978
-2581665095693
6577930085065
-426895894478
7770154550822
-2125551991707
4707217087400
-3197661262820
6649349930529
47072170874
-6772711481785
2025726525888
-5414111239663
-2919286183341
4273828479698
847299075732
5342691394199
1141094349118
-5782572715125
-848110664885
-7788009512188
-2132856294084
7818038310849
0
267012831337
-2189667534794
1785496136600
5492835387504
-3987337508689
2868967655855
-3894816345247
-839183184202
-6448887409738
4027105377186
-2499694591240
6661523767824
-1086717875867
-329505196118
-6995898498860
-2424216800011
7941399862105
852168610650
-5009128252316
2508622071923
6349061943919
-2160450325286
1403237645537
3681368398008
3049140447821
484518724341
-4928780926169
-6702914814627
-6798682334681
-125796318715
-5201474881577
-1231180745101
5271271548735
-2217261565996
-5530980077695
6982101483259
-2937952733860
-4051453051776
-2739924980528
7270215632574
7506388076097
7039724313122
-5931093530124
1327759854308
-510489577237
2983401726428
-6959376986975
-3561253203364
4650405846690
-5320778487068
3273950643202
7547779122900
5831268064305
4157771230819
-6490278456541
2809721647686
-1864220284441
7614329433446
-78724147841
5147909997479
-6814102528588
3471978396534
6999144855472
-3458181380933
-5656776396410
3406239675141
6362047370367
-1727873306737
-460171049751
69796667158
-7570503619184
3420848279895
-7009695514461
3558818435905
-749096788219
-1381324738406
-1199528768134
110376124808
5572371124498
-4855737902399
3011807346783
3326703938147
-3890758399482
-4268147355627
5160083834774
7028362064980
6999144855472
-166375776365
1371585668570
-4188611618633
7028362064980
6742682683124
-6643668806458
-6221642446898
-3187922192984
441504499232
8076123661503
6463496014492
-4634174063630
-1728684895890
-8050152808607
-4665014451444
-6319033145258
-3706527661751
3730063747188
-7900008815302
-825386168601
8098848157787
-4675565110433
-2335753582334
3687861111232
234549265217
-3066995409187
-5783384304278
-4868723328847
3532847583009
6154280547199
-4044148749399
-4746173366744
35709922732
-3458181380933
1435701211657
-7051086561264
5570747946192
-5910803801299
-1941321253976
-4383393015353
-3071864944105
-4397190030954
5783384304278
-4338755611938
-6289815935750
-5904311088075
-4617942280570
2810533236839
-3209835100115
-3776324328909
77912558688
7169578577602
5423038720346
933327525950
-3854236887597
-6620132721021
4188611618633
4575739644614
6866855823533
1292049931576
1479527025919
-6157526903811
-1602076988022
-1422715785209
-976341751059
-4381769837047
-8109398816776
1567990243596
487765080953
7066506755171
4143162626065
3489021768747
-5443328449171
4061192121612
753154733984
-3247168201153
6710219117004
-4247046037649
7726328736560
5599153566547
64115543087
7047840204652
-2073610285915
-3566122738282
7756357535221
-3010995757630
-7239375244760
-1897495439714
-4099336811803
-383881669369
-2406361838645
6810044582823
-2645780638780
855414967262
4197539099316
-1615874003623
-6672074426813
-4735622707755
-2645780638780
-4953128600759
-5240431160921
2945257036237
2846243159571
-6410742719547
-2135291061543
-7677633387380
-1998132494686
-3941888516121
5943267367419
6126686515997
3044270912903
-6257352369630
-7796125403718
-5453067519007
-3747107119401
-203708877403
195592985873
-1960799393648
2315463853509
-4656086970761
-7171201755908
2451810831213
1675931600945
-271882366255
4564377396472
3571803862353
-1809843811190
-105506589890
-1296919466494
-4516493636445
7478794044895
-6179439810942
-8101282925246
-331128374424
2105262262882
-6344192409001
4769709452181
-2812968004298
-3226066883175
-286490971009
3703281305139
-3357544325961
-2334130404028
-8057457110984
-848922254038
-2192102302253
6113701089549
5481473139362
2795113042932
-5586168140099
7413055323502
6415612254465
7555083425277
4384204604506
-4600087319204
3385138357163
-3682179987161
-7775024085740
-309215467293
6237874229958
-808342796388
-3382703589704
5449009573242
614372988821
2180740054111
-445562444997
5873470700261
-6229758338428
7382214935688
6232193105887
5348372518270
-5454690697313
202085699097
2180740054111
4940143174311
6734566791594
4351741038386
5707094923896
-3308848976781
-4825709103738
6295497059821
-7723082379948
6224077214357
3981656384618
-7047840204652
7448765246234
-4241364913578
-3417601923283
1950248734659
-2425839978317
-5642979380809
-1536338266629
-5574805891957
-3123806649897
-5143040462561
5092721935075
1427585320127
-4450754915052
5609704225536
3815280608253
-4179684137950
-1880452067501
6462684425339
-3922410376449
-417156824642
-7507199665250
1265267489527
47072170874
4130177199617
155013528223
-997443069037
6556017177934
-7129810709105
-1322890319390
1476280669307
2726127964927
4031974912104
2902242811128
-1571236600208
-4829767049503
-6250859656406
-840806362508
-750719966525
7478794044895
4804607785760
6650973108835
-2655519708616
5076490152015
260520118113
7042159080581
-4365538053987
2174247340887
-1809843811190
-5139794105949
-1846365323075
-7027550475827
-2325202923345
-3530412815550
1675931600945
-3590470412872
-8111833584235
-4476725767948
-2028972882500
5322401665374
5271271548735
3392442659540
-3282878123885
-2265956915176
7528300983228
3182241068913
3942700105274
-5574805891957
-6014687212883
1737612376573
-2804852112768
-1831756718321
-2873025601620
7029173654133
7912182652597
-7499083773720
2231058581597
4545710845953
3292617193721
-1169499969473
3657020723418
-1705960399606
731241826853
-7201230554569
-1455990940482
-3650528010194
2675809437441
7358678850251
-1695409740617
2279753930777
3826642856395
5530980077695
-1322890319390
-4930404104475
-1111877139610
6289004346597
3213893045880
-5375966549472
3350240023584
6580364852524
4914172321415
-7955196877706
7747430054538
-5980600468457
-891124889994
6735378380747
5409241704745
6458626479574
3008560990171
-1575294545973
-313273413058
361157173085
-1352919118051
-4518928403904
2321144977580
-1275818148516
-213447947239
7944646218717
3363225450032
1982712300779
-1170311558626
-3061314285116
-3682179987161
4987215345185
-6469177138563
1783061369141
7784763155576
-7818849900002
1461672064553
6294685470668
-2516737963453
7015376638532
1207644659664
-286490971009
2808098469380
1079413573490
5047272942507
5205532827342
737734540077
3170878820771
-771821284503
3454935024321
-4746173366744
6742682683124
-5879963413485
-1095645356550
5568313178733
-6672886015966
-7490967882190
-1885321602419
7322968927519
-7955196877706
1014486441250
-5151156354091
2025726525888
-2656331297769
-4940143174311
4178060959644
-3016676881701
-5325648021986
-1652395515508
-6520307255202
-4397190030954
1263644311221
6443206285667
-5879151824332
1464106832012
495880972483
2129609937472
2469665792579
-6349061943919
-2054943735396
-4351741038386
-6419670200230
4644724722619
7322968927519
1500628343897
-6736189969900
649271322400
6443206285667
-5868601165343
2326014512498
2976909013204
-4728318405378
-3526354869785
7471489742518
-4042525571093
4830578638656
-445562444997
1785496136600
-8101282925246
2614940250966
5492835387504
-2095523193046
2333318814875
-4350117860080
-2664447189299
7025927297521
-4410987046555
-5760659807994
-5626747597749
6154280547199
-3938642159509
1476280669307
2646592227933
-437446553467
2412042962716
-1160572488790
3140038432957
1061558612124
-626546826116
90897985136
6166454384494
-6319033145258
5954629615561
7792067457953
3151400681099
-5944078956572
1584222026656
-4554638326636
5980600468457
5487154263433
3131110952274
-3571803862353
1889379548184
4450754915052
2592215754682
361968762238
-1629671019224
-6497582758918
-1843930555616
7614329433446
8016877653334
4295741386829
-6304424540504
-7540474820523
-3799860414346
5403560580674
-7526677804922
-461794228057
-6233004695040
5403560580674
-3693542235303
1346426404827
-2905489167740
7615952611752
-7160651096919
-4006004059208
7047840204652
7173636523367
-3235805953011
-693908725815
-4223509952212
6758914466184
-2888445795527
-5023736857070
790487835022
5438458914253
3365660217491
-6190802059084
-6883899195746
5074866973709
-2016799045205
-547011089122
4045771927705
59246008169
-4047395106011
-4205654990846
-7434968230633
-6901754157112
-4205654990846
-2293550946378
7365171563475
-3988149097842
713386865487
-1180050628462
-1822017648485
-6116947446161
7762850248445
1292861520729
4570058520543
8011196529263
3757657778390
-5221764610402
-4135046734535
1313962838707
7964124358389
1327759854308
-5626747597749
6542220162333
-5375966549472
-5276952672806
-7272650400033
6335264928318
-4588725071062
-4146408982677
4914172321415
5113823253053
7216650748476
5371908603707
-6200541128920
4848433600022
6396945703946
-1165442023708
1654830282967
-3708962429210
-977964929365
-2808910058533
7498272184567
1092398999938
-5879963413485
1789554082365
-6485408921623
5233938447697
4854926313246
-1943756021435
-1555004817148
-5877528646026
3942700105274
1981900711626
-4478348946254
6398568882252
-1562309119525
5078924919474
-394432328358
-3549890955222
-5246923874145
-7742560519620
-7719836023336
-6330395393400
-3427340993119
-7582677456479
5285068564336
-4790810770159
-3978410028006
7287259004787
4109887470792
-1679989546710
6348250354766
4302234100053
-4229191076283
3984091152077
5658399574716
7047840204652
1598830631410
-7564010905960
-6256540780477
-2801605756156
-2812968004298
684981245132
3627803513910
7585923813091
-3579919753883
4848433600022
2396622768809
-7404939431972
-3751165065166
-1972973230943
37333101038
4798926661689
-4942577941770
-1571236600208
4755100847427
-128231086174
4621188637182
-4268147355627
4798926661689
-5858050506354
861096091333
-1703525632147
-3647281653582
-819705044530
2952561338614
2945257036237
3343747310360
-2238362883974
-7335142764814
-2416100908481
-6257352369630
-3260965216754
5321590076221
6719146597687
-728807059394
1916161990233
-5863731630425
-1125674155211
3738179638718
-1277441326822
6132367640068
-1485208149990
-1530657142558
2414477730175
-7254795438667
4837071351880
5633240310973
-6530046325038
-7291316950552
516982290461
59246008169
-2063871216079
-3747107119401
-6853058807932
1602076988022
-6811667761129
5190112633435
-4435334721145
-7524243037463
-389562793440
-1646714391437
4727506816225
-4682057823657
2644969049627
-2427463156623
6843319738096
-7783139977270
-2880329903997
7676821798227
1039645704993
-7850501876969
-121738372950
6775146249244
-3952439175110
641967020023
-4117191773169
291360505927
-3574238629812
-3590470412872
83593682759
3478471109758
4905244840732
3536905528774
-891124889994
-3706527661751
3743860762789
-2325202923345
6595785046431
-7184187182356
1152456597260
-600575973220
-1803351097966
-2499694591240
220752249616
2233493349056
-4867100150541
4404494333331
-6065817329522
-4317654293960
5457937053925
965791092070
-1347237993980
938197060868
7212592802711
1441382335728
6484597332470
-2033030828265
1470599545236
4024670609727
7770966139975
-926023223573
8111833584235
-2980155369816
1346426404827
2636853158097
7711720131806
5546400271602
-4911737553956
-2028972882500
-391997560899
1659699817885
8004703816039
-7536416874758
-5976542522692
3657020723418
-1720569004360
5134112981878
-5282633796877
2950126571155
6030918995943
1886944780725
6676943961731
5090287167616
4434523131992
-5871847521955
5871035932802
2329260869110
5684370427612
5819094227010
1460860475400
3880207740493
6519495666049
1929147416681
5134112981878
2433955869847
-5199851703271
6980478304953
1201151946440
-2416100908481
3862352779127
6806798226211
-23536085437
-2627114088261
290548916774
-6112077911243
632227950187
6303612951351
751531555678
3519862156561
6443206285667
1981900711626
-6902565746265
484518724341
5647848915727
7836704861368
-6805175047905
-3390819481234
4991273290950
7750676411150
202085699097
-4189423207786
5064316314720
-6672886015966
-3075111300717
-4229191076283
-2446129707142
7397635129595
5802050854797
7042159080581
6651784697988
59246008169
-910603029666
-1514425359498
3147342735334
4792433948465
-6720769775993
2106073852035
-7794502225412
-1134601635894
7066506755171
-3476847931452
-7507199665250
4977476275349
-4118003362322
4431276775380
-7853748233581
2410419784410
7826154202379
3294240372027
2149899666297
-2653896530310
-6457003301268
-7592416526315
-3405428085988
6518684076896
-4808665731525
4660144916526
-4752666079968
4692608482646
-548634267428
5858050506354
7770154550822
6377467564274
-4574928055461
-3651339599347
5883209770097
-1180050628462
-6130744461762
4677999877892
200462520791
57622829863
-6736189969900
-4378523480435
-4242176502731
4766463095569
-5399502634909
-7898385636996
-4139104680300
7546967533747
5569936357039
-3424094636507
-3865599135739
1025037100239
5694109497448
2892503741292
-3350240023584
-5804485622256
6988594196483
1808220632884
-777502408574
-5383270851849
87651628524
-2123117224248
4008438826667
3432210528037
847299075732
3117313936673
-3997888167678
477214421964
2446941296295
-4001946113443
7025115708368
-6519495666049
-8091543855410
-2715577305938
-2368217148454
4947447476688
5538284380072
-4580609179532
2696910755419
7934907148881
-435011786008
5399502634909
7842385985439
-3889946810329
3361602271726
-1932393773293
702836206498
5724138296109
3819338554018
8042848506230
1847176912228
-5047272942507
4488899605243
1273383381057
-4691796893493
-437446553467
1808220632884
-864342447945
-2803228934462
3102705331919
-440692910079
-5733065776792
-4242988091884
-4914172321415
-827009346907
-4625246582947
-7208534856946
1014486441250
-660633570542
-5233126858544
-3066995409187
5374343371166
6353931478837
1152456597260
2507810482770
3333196651371
-2969604710827
4669883986362
-5863731630425
3545021420304
-469910119587
7837516450521
310027056446
3301544674404
5794746552420
-1932393773293
-3172501999077
Execution time: 0.194884s
