-5074
-6731
8078
-6869
-8684
6619
-9446
-7311
-8037
-1389
-1669
-8107
-1517
7226
-1697
8348
8976
8601
-1528
-3260
-3260
-2230
3181
-9853
3555
-5197
8151
3775
-6785
-5383
-8105
-8246
7114
5021
3576
-7290
-9990
8624
-3909
-3677
-6567
-6693
-9989
321
9482
4939
4450
-1551
-1430
-6203
5913
-5140
-5346
2647
1636
-9981
8108
-7448
8553
231
-9706
-5047
-1389
3194
-3268
9942
8391
3869
-8416
86
-4354
4759
-3148
-4653
9099
2679
-5860
-2371
4138
9662
3414
4927
-6055
-6978
-246
3493
2188
2975
2483
-6960
-7435
-4963
7040
-6556
9978
-9989
-4985
284
7481
1759
-1660
-6537
9320
-8221
6077
-7320
1605
-4219
9999
-2543
-6814
6854
6845
-1017
-1420
3925
-480
-6409
7901
1729
3284
6806
5468
3493
9204
-5226
6682
-3419
8295
4977
-3
5982
9129
1823
73
-1046
6376
8624
5105
9877
2077
-9597
-2230
-4499
86
647
-462
2712
-88
7892
-1470
-1665
-9995
4473
-8227
2983
6403
2749
1819
9866
-9903
-4709
8343
-2500
-9971
79
-4951
707
7958
1663
-6211
-6795
2809
-8537
3156
-3769
469
-9706
-7369
1371
-6918
8611
-6965
-5631
-4936
-4995
95
3419
838
-5208
109
65
1932
-5231
6968
-4764
5116
6537
3259
-3529
-6505
-3216
-6554
4475
-1832
-6515
86
6227
8566
-8482
-5868
-5516
-7152
-6802
6835
3629
-8763
-3982
-9108
-1327
8873
-1714
2060
8552
2029
103
-9106
-6027
3553
7813
-4260
-3281
8677
2970
8566
-9897
6920
4
6275
-7440
-9234
3974
6849
8839
1663
-6624
6272
6846
-2945
7067
-4963
8489
-2297
-4184
7482
5183
-6791
-568
-3684
-1112
-7946
-2946
8123
-8984
-516
4388
-3515
5638
-7945
-6511
1244
6255
-8125
1928
2814
6334
8457
5129
-4371
9657
1757
-9910
-4981
-5769
-6644
-3990
-8680
3557
-4879
-6509
3249
3137
-740
2971
-4894
-5435
8661
-7666
3805
136
1994
3447
-7786
-5614
-6655
-9409
3378
6519
6403
2019
-7872
3120
-9831
7598
-2796
6767
-5095
1147
6145
-5946
-4707
1816
-4902
6502
-1830
1263
-3335
1590
58
-6894
-1010
4973
9806
6519
-4367
-6992
-9018
-9818
5111
6055
-8634
-6050
-3739
-8107
73
-6752
-3369
7068
3682
-2878
-4839
-3620
-8048
1000
-1934
5166
-9756
-6398
-9899
5456
-1892
-8937
9920
2963
-9617
5161
-5722
3377
-3940
-4394
2084
5133
-2505
3535
-2987
7282
8414
-6333
-7126
329
3517
1866
8562
-5420
7063
4397
9170
6768
7013
2276
4705
4787
9574
-3311
-4288
3629
6346
1383
-5393
6842
1746
5999
2091
2513
958
-9477
411
4544
1488
5599
9871
-6920
-6290
958
2056
-5318
-1809
-3078
-9146
-3002
-2003
-5215
1787
-9721
-9802
-2070
-6438
3507
8613
5181
-6073
9601
-4808
-5738
-3827
-3312
6873
-4684
-1043
-9518
446
5148
6358
-8617
3714
3719
3405
-5208
7979
-4172
-1283
2318
-1034
6334
-9454
96
5337
2039
-4764
8143
1346
-4833
-1667
-9989
-4418
874
8726
3883
-4798
3653
3493
-3053
73
6900
-7709
5202
-6804
8697
3021
1559
6566
-6617
-2561
-3228
1632
3490
-3710
-4232
6214
167
7657
5213
-9802
-7676
185
-1303
-7025
1600
-6272
4385
-3125
-260
-5699
4229
-1783
-9355
6558
5782
-5744
-4196
-5983
4215
-4864
4940
2370
-2861
1823
8669
-1728
-2317
-3789
8377
7935
5638
-4618
5742
-7518
6147
-1882
-3909
5926
2115
8674
-7531
7726
185
3990
8834
9172
4917
-2392
345
8498
-9729
-6570
4357
-3061
6395
-7872
-6758
-9546
-4983
-4908
7073
9609
382
4059
-8685
3638
-9804
-7872
-8078
3784
-2120
-1430
-6285
-6802
-2257
159
9720
6403
-4926
-4644
6055
-9512
-2808
5834
798
-531
5300
-8186
8033
5402
-3526
-2616
7209
-5511
-7805
-4845
-4887
8688
7785
1502
5814
-5826
1461
103
284
-5027
-1863
3504
-6272
-9749
-4771
812
8875
2160
-2224
-2272
-9516
-8006
2036
-9919
4619
203
88
6159
5257
-3078
-3827
-4741
-9117
271
-6103
-2833
7756
-4012
-133
-1307
4451
5617
8644
-6928
6658
-5233
8684
-6409
-8107
1900
7114
-1922
-4706
1659
9107
6658
-8104
6059
7213
973
1332
-1389
-579
-8045
-2344
4144
-6219
-8015
7858
-8272
-5232
-4709
-2500
-1298
4008
-4959
-5055
-4223
7192
4977
7022
-6892
8566
5129
-9992
-6438
2999
2205
1908
-7572
8783
-2305
8209
-8659
3791
7237
-7823
1898
-2837
-8087
-2832
-4716
3487
-3540
5036
-8928
8684
67
-4545
-6511
7199
5267
6860
3750
-1959
-5982
-7785
4911
-4741
-6923
907
6888
2190
4528
-2515
-8833
-2977
2816
8570
-1628
8619
8203
289
-4988
-2065
1884
-4689
-1387
850
-9931
4584
-3049
874
-760
-8783
7506
281
-6488
4276
6133
-2753
-7344
2077
8075
-4853
2649
2743
-4350
5825
2972
8165
-9073
-731
1508
4823
2251
-9823
2037
-6268
7045
247
-5590
3990
1619
-7764
3222
-8852
1955
-1220
3576
-1010
-4845
-8301
-9982
7218
-1393
1156
3281
5289
9618
-4071
8002
-8371
-5538
-9732
4833
-6712
6439
-1311
5
5129
-7786
-9596
1952
-5342
8143
1621
-514
-1866
7246
9845
7218
9413
7052
-1431
-3841
6968
-4905
8396
-3597
3757
9134
-8595
7964
4539
5334
3687
8826
-2779
4959
-9823
271
3054
-3454
8740
-3503
-56
-1370
8684
-7896
6846
-4570
7234
240
-9395
-7283
6946
5140
8562
909
8743
5217
-8396
9298
2116
-9277
8061
-4998
-8413
2192
1977
-4575
5905
5008
9519
-3355
-8563
-2783
-7859
-3580
926
-3841
3009
6395
396
-8037
5179
-1974
-2701
-3469
-2715
1707
2191
-1406
4891
-7159
-7527
5404
8105
-4764
-6490
-7710
1585
-1746
9347
-7795
9239
358
5390
-135
9160
-8798
3410
-7849
2744
-6347
5617
1680
4619
-6307
3140
1608
-4672
1592
2233
-1190
8408
3551
-1106
1560
1284
6861
5129
-9128
-4711
5262
9756
3437
-7394
8848
4715
3662
1766
-7889
-7945
-4763
-3388
382
9707
-8917
2065
1374
8193
8842
-2053
-2748
4898
-2
-1401
2442
-3270
-3166
3858
-7956
4158
-9758
-6385
314
8690
9535
2301
8050
-6232
1768
-9295
-2700
-3681
-9899
-8421
4879
9656
-2977
8883
-4156
-9795
-9785
5345
2328
8656
6654
-8015
5453
5332
-6953
-9454
-2451
6233
3849
-8882
-9982
5315
4170
-5875
9966
7756
1659
1305
8582
-8011
8873
-6890
-3441
3779
-7787
-516
249
-1325
3901
4497
866
5470
879
1406
8998
1747
6258
7246
7301
-9264
-9960
-7817
-6883
-2833
5339
-4521
5129
7939
4034
-8046
-3068
3463
4517
9300
-9786
-1289
3823
7150
-7681
-7964
-4825
3393
7156
-8836
-2151
-840
-4137
1361
-389
2436
-2992
3428
211
7140
-9601
-3384
-9516
8673
3193
5494
-6459
3491
-9504
5601
4971
4278
9239
-4665
-7702
-5788
-1222
3348
-9971
1593
-2833
-1669
2752
-8087
8708
1046
2065
6941
5229
5266
-1630
4985
-4793
424
194
6554
-4867
-9960
-2665
2689
-6830
5334
-9817
5429
7431
6936
-6342
2173
-9578
-4673
507
-4077
8729
8707
-5856
-9672
8960
46
-9919
3805
-4567
-1359
-6226
3869
5983
-9477
-6163
7179
-7786
593
2141
904
3140
-1454
-8637
8791
-9786
-9706
7337
7173
8783
-7750
5563
7958
244
-4022
5850
5202
-6191
-6867
-2838
-830
-5710
-4483
8742
-6933
5390
2118
-1711
-4499
-1193
-2008
3291
-2792
-9706
9557
8908
-6970
-1325
6665
9790
-1794
9384
3303
1909
2029
79
-2
-8939
-7821
6761
-5819
64
4142
-4537
2442
-3474
3209
359
-7952
-487
6343
1143
4099
-2686
6864
5506
-1300
3870
404
8515
8773
6179
4619
3926
779
7368
-8421
-6086
-7871
5229
-8677
-6388
8230
3304
8887
445
1569
104
-4501
-4653
-6078
3487
-7214
7071
-2758
6522
-4964
-9040
6701
-2896
-3548
358
-1661
3446
9870
7169
-9312
-6213
-1430
-9816
5429
-1242
-5690
-7726
-2505
8496
8563
-1863
5626
-7871
-4528
-9885
2875
-3655
-5903
-2753
-4534
1840
9523
8519
2343
1411
-8537
4979
7314
3463
-3717
-2890
3577
-6933
-251
-3562
-2999
3486
4283
-6072
3897
-1938
5104
7700
-8597
-4411
-9524
8938
9942
3719
7192
-4741
-2582
3635
-381
1883
454
-2686
2328
-1991
-674
-9995
3640
7349
-4625
2173
2970
6573
-343
-4382
-3239
5631
4773
-4495
-7611
1458
-8684
7206
-8917
5453
8600
-8310
4059
9432
8238
-1577
-4764
9793
-867
5148
2669
9300
-6724
-9693
8669
-4617
707
5527
-9606
-2728
-5876
6209
-4537
-5073
2011
4331
7131
-3228
6883
9348
5181
-3273
-6331
9408
4541
8772
494
-9002
7237
827
8178
-2955
1914
8957
8060
-1146
-4071
2074
-2645
560
7293
9067
-7575
7573
8842
8195
2315
2910
7884
-7156
-3848
8798
-8468
-6190
7418
-2828
601
-9465
2299
8677
-9411
-7641
2043
9329
-6302
-1526
-2778
1812
8299
1220
-8482
3326
-4734
4128
3883
-1223
-4951
6714
-6308
-7916
5624
277
-4846
2975
-3987
-7439
-6006
-5752
8610
-1823
1371
6754
-9379
-6671
-8275
454
3309
8789
8195
6301
-7613
-4595
5608
8565
-1555
2303
6667
1528
-5150
-9570
-2417
515
-4499
5495
2080
3574
7306
-513
-2700
-6642
-4394
-8921
-3237
4968
-4725
2139
8908
8093
-7531
-6072
-1172
-1042
-7550
-46
-1303
2446
-4446
-1574
8195
-7587
5920
-240
1800
-7872
-951
8811
-6745
-2700
6303
-28
3978
514
-2812
3823
-5241
-3628
4059
-4036
-9653
-4579
-1767
-9907
7155
-6263
-9528
8974
564
-9231
-2703
597
8792
-8769
-2297
3310
-2719
1563
1027
8806
-2917
-2029
7757
8105
4029
3912
-1220
-2631
6768
-2645
-3941
3897
-532
2216
8258
-9482
-1141
7342
4858
1324
6429
-2628
9532
8942
9951
-5794
9205
-1941
-7599
5406
-9673
2733
-4261
7349
-1454
-7882
-7218
-5374
514
-6015
2496
-7504
-6058
3878
5566
-4381
-4539
7213
-7841
494
-4012
698
-2627
-6438
2306
3091
104
9300
-5848
9523
2493
-1441
-4968
-9286
7396
-7952
9574
2089
1464
-6769
-9386
3668
598
9218
8806
1911
-7126
6878
5036
-6806
1688
-2387
3447
-3181
5074
-60
6128
-7694
3430
1661
3653
-7975
7336
5611
9285
-3062
8072
4979
-3088
-3151
3719
3304
249
2325
-3262
-2700
8657
5445
1143
-1483
-6511
7388
8949
-9582
-7396
-2205
3143
597
-6005
4176
8981
-5995
-7747
-1762
5175
5713
1886
-5360
-6219
-7872
5694
-4553
-6653
-8873
-9349
-4088
7385
2297
-1307
-3848
716
1181
-5999
3087
-6626
5418
2373
-2039
-7552
4024
3303
5161
3383
7400
8338
-6243
-7656
-6633
7373
-2510
411
-6091
-962
7449
-8575
3416
7523
2540
720
3918
2979
-9279
-4662
742
-2723
-4623
730
4846
-5996
9966
7279
901
-186
6619
2297
-2998
1173
-4288
6414
-1122
5729
1281
-6090
-2908
4026
7423
-9569
5980
-4362
-1496
-3105
-1329
3966
351
8468
-2698
3015
9756
8839
-8620
5549
-6125
-4894
-6318
5754
5535
-814
-3179
-4261
1026
6400
-5737
9978
4027
8932
4858
-4426
-4857
3297
3908
6366
7855
4008
2045
2595
-2505
-6407
8968
-4603
-2998
-539
-9752
8593
6945
4171
8450
-8236
-1045
3711
1952
-6707
3921
-1046
4056
-9587
928
-7710
-8087
709
-9405
7427
-9311
-7085
-8024
-4472
9069
-4578
2467
136
-9339
6060
-4870
167
3769
-7647
-2808
-4424
2276
-7452
8660
7387
-5469
-2667
6992
3714
-5988
8660
-1098
782
-483
4216
8573
7004
-2338
1591
6761
1383
-1034
-4211
-4001
-8288
-2946
7873
5345
1226
5099
9347
-8416
7582
7489
-9343
5780
9520
-4012
-4651
-3105
-6762
663
370
-4926
5974
3424
-9405
-2653
-492
9954
5531
2546
4401
-8184
2063
2492
9065
3021
-1478
-2418
-6087
-1712
-3672
-2700
5318
5877
2133
-4400
8493
-1615
5429
-7428
-630
-6563
5800
9591
4617
9001
-1598
-8920
693
-1029
-9248
-6015
3638
-7896
716
-2523
-4771
8755
-8774
-1842
8942
7813
-3014
-4958
-4775
-1034
8203
7686
3304
-8823
-1036
-6315
5556
6148
3751
6089
8143
-1780
5755
-408
1554
-6010
4701
5974
5617
-2403
6855
-2700
7383
-7723
2594
9088
3393
-6766
6466
707
-4261
6087
-3708
-4284
-5881
3713
5689
-8426
-2913
2074
-9292
4874
2317
-2549
-44
-973
5743
9109
-7680
6834
2436
-7640
8799
2344
8968
7534
-7800
-4588
-2481
1557
7557
8227
-8111
2616
-1440
8642
-8393
-8033
4358
3259
7702
8643
3613
-723
5339
-7560
-6795
-6159
-6625
-6386
-4617
-6457
8127
5407
-5412
-9233
5992
1616
-7493
-7476
-4866
8582
-4567
-8247
-6481
1516
5822
-6451
-2431
7601
-6941
-6863
6044
-6031
-8924
7130
4068
8387
-7910
2029
3463
-2769
8178
819
514
-8275
3414
-4676
3009
6590
-413
3619
-7575
9901
-1045
-5880
638
1689
8848
8193
-7430
-6218
4976
9075
-6009
-2662
8707
-1112
-1499
9001
6801
-5320
-882
-9234
-9552
-8845
809
-516
-6186
-4421
-8526
-7916
3846
800
5273
722
-6409
4435
-2575
-9349
-7664
-1296
-7671
6725
3405
7379
5589
3956
2670
-5997
4144
-4374
-1110
-5482
6682
3397
-3101
-9517
-4746
-9202
-3418
-5856
2456
-7997
707
5764
-9517
3915
1487
-1879
2276
6824
-3529
3126
-2424
-1133
5301
7153
5961
2589
4068
-4470
-3928
-9250
-6337
-2367
-949
4034
-6593
2787
2446
4143
-203
-958
-574
-3098
3261
-9240
-4176
-6688
8677
5569
-7379
-5925
636
-5100
6681
-3912
-6204
-9690
8842
-871
-4760
-894
1564
-4985
-5999
135
-155
-7426
-2372
-3400
-4510
7823
-2303
954
-2878
-2686
4996
-4936
2595
-9051
-4168
-2882
6976
-9477
9777
-3812
2496
2624
980
-5668
-997
-1919
-3440
9109
3645
9118
361
8745
2393
7767
8562
-205
-6451
-898
8864
672
-8377
1488
2297
-1223
9633
-7956
-1283
-8300
-6347
-7395
6163
-8512
5023
-5966
6914
7597
-8182
-1135
549
7966
-2392
-7245
5596
-9230
-7768
7052
5032
8328
3613
-3562
2626
-9039
7063
-4794
-7751
-7320
-9194
-7412
-2306
-7650
112
5406
5632
5652
7511
7661
8998
9484
4610
-4920
-7817
-925
7969
-9981
4544
487
-2008
-1242
-912
-4257
-6509
9124
7153
5728
445
5718
3687
-8637
926
7191
-7572
-9133
5566
-9757
9161
3638
-3454
2228
-2323
543
-1283
6761
8566
299
3218
4368
-4032
-8718
1308
-2991
9076
723
3444
9601
8585
8603
-8157
9185
-5161
-7085
-1112
8455
514
2886
-6593
7727
7533
-6130
-704
-4951
2547
6604
3372
-7593
-7432
-3146
-9958
-4987
-112
8889
-6582
213
-912
-9349
-467
-1557
-2621
7634
2228
3507
9001
-5859
4209
5925
-2992
-6413
-807
2652
-855
9105
7736
5484
-4113
4572
940
-2502
9995
3522
-5797
7072
-2381
6629
-4569
-2089
-2294
3613
8105
-2555
-1098
8632
9124
-5868
272
791
-4288
-4152
-4404
4212
3675
5600
9657
-6109
5921
8889
866
-4398
8875
-209
-2706
-2792
5004
-720
9985
9157
-2381
-4424
-631
3883
-7322
7583
2390
-7373
3633
-7440
73
-4119
2943
-7266
3990
-7479
6681
-4003
-5925
3846
-5985
-7106
-7432
-7875
1332
-8243
-1122
-5788
7148
2497
2141
8027
-6624
7516
4787
-4022
4215
-158
8582
31
9174
-8624
58
-3663
-968
4977
-1936
-7537
9618
-5458
-4494
5266
-1107
-796
2132
382
-3461
-8678
914
-5484
3757
-7360
7269
593
4246
-8674
1044
-335
-4915
8547
4412
2937
-9161
9804
7583
-1033
-6856
7203
7279
-9981
5428
1594
5983
6590
4117
4106
-7419
3640
6779
-1757
2750
-9332
-2627
-6407
8562
-740
-9365
-6671
-4493
5349
-4382
-2500
-1499
-8852
7963
7354
-6450
2278
3120
2361
-5512
5585
-1398
-3580
2576
-2352
203
-4113
-7182
2744
-814
-9142
5866
5800
-2903
-2338
-9758
6557
-937
4823
720
5913
890
-1050
5920
2687
-2275
-6993
4197
5919
-5401
7837
8547
7749
6012
5538
5008
-2395
-9460
4499
6619
-1081
2652
-8956
6343
-5913
9535
-7353
239
1445
4889
-9451
2718
-5913
-4445
-7008
8908
-5026
-6091
-9349
7632
8742
7570
7757
-2236
1726
-5761
5265
-5775
-5600
6408
-731
-902
-9474
-8034
-7442
-1283
3463
-2014
-3785
5963
-9844
-4137
2638
2748
9023
3841
2590
7768
-7770
4572
8734
-4932
-5637
5572
-546
-8515
2792
9168
-1109
-2913
7751
79
-7266
-8351
7088
7730
7806
859
-5737
2145
-4296
3638
7314
-7570
-4113
-2307
-7267
9826
9550
-9528
9160
-9102
-2346
5445
-2186
-6434
-2199
5994
5992
7990
-5803
-1702
-7469
3925
834
-3960
-7661
-7898
-5748
-9948
-2741
7567
-6276
9001
8498
3656
-5856
-7918
-9212
-5882
-5654
-761
1801
9215
-1531
-8953
-3346
-3856
-8692
-6052
1702
-2191
6583
4781
7323
6125
-2667
9023
-7614
4917
58
-8300
901
-7364
-5605
-7126
-290
-7244
-9135
-1257
1593
3679
8455
-2758
3619
-6160
-7430
9218
-6031
3732
5814
-3940
-873
6726
-8385
3507
8575
-9031
-4394
-5318
8958
-2500
7035
3194
9276
5099
-6012
3823
73
972
9067
-2340
4224
-8669
4018
1379
-1388
-6624
3757
-761
-7274
-5401
-8521
-5227
4275
-2703
-1753
-7324
7837
-583
-7832
7702
1048
-2377
-5722
-4655
-4116
-2343
-4018
-4195
7207
-4029
2792
-9928
-8684
-3970
6701
-6103
-5026
2687
-8125
2853
-7560
1061
3590
2392
-2392
4289
2935
-1050
-2245
5464
-2297
5730
5585
7619
7088
7237
1054
7208
2687
-4168
2633
-5161
-4020
-5116
-8913
-681
2569
7784
-6285
-1205
9099
1516
8887
7756
9584
4281
-3955
2744
9910
-691
-9482
1141
-5045
3791
-9320
-781
-6072
-9580
4176
-6318
7561
-7231
-1659
-2291
7411
3540
-674
-2221
4576
-2965
-4914
-2224
2682
-1697
-1123
7801
5652
-2842
8839
-8993
-4401
-7505
-2129
3729
2766
2099
5992
-705
3885
-3053
-7450
4838
-9564
-9673
-4296
2742
-5688
8882
5601
3441
-8878
-5204
-5779
4257
-6721
3921
5229
1199
-5997
39
-4047
918
-8893
-2211
7619
9813
5638
-2485
-8892
8820
3941
1281
-7076
5609
4823
-9039
2535
-4059
-9141
7659
2173
-5051
9910
-9365
-5970
-7455
-4948
7045
9546
-917
-1107
6256
-1547
5960
-5670
2300
6175
-4041
6895
6034
5064
6256
1166
2853
-4388
-2201
2761
-9295
7170
1120
4286
3042
-2480
-4256
-9103
2240
-8278
-1549
-6230
-9250
9800
-5644
1388
140
-957
-1442
-239
5718
5205
-740
6628
-2440
-1764
5173
-1409
6061
9172
-2118
-1339
6187
1126
-2151
3707
-3334
-5722
897
-2120
-5309
4368
1053
-2596
-951
-8418
-7283
-5730
-8865
-4336
-2780
-5690
3564
-2323
-5859
8515
833
6218
5406
4248
-996
-2699
6174
-7215
-2865
2706
4298
9349
5904
-1925
4652
9744
-5951
-629
-7672
-9436
-5748
833
6832
-2221
4435
-898
-3486
6150
4983
-5748
6024
-8976
-8873
-2987
3297
7889
-9016
-1668
7839
9096
-695
2801
-2272
-4502
-2340
-7833
8737
-2516
-1572
2160
-4411
-7077
4057
7939
9347
-2460
-3960
-2263
-7560
8470
-9010
8974
6198
-2093
7059
-3975
7877
6240
-2769
7861
2575
7527
9206
-1098
-4655
-1398
-772
-4551
-5736
-3856
-7474
-1046
9273
-2102
-3869
3907
-7242
-2194
-2223
6142
4732
-5418
7774
-6965
-9245
-5944
8033
-1065
-8852
8278
8582
-7308
7385
7686
1167
601
8949
-481
5280
6791
9064
-2248
-7177
-621
-8385
7939
9382
-9292
58
-8842
5345
2882
9720
-2662
-2462
2545
7958
1804
-8851
-2732
-2489
367
-5826
-8034
-9171
4337
4382
6253
-5593
-5606
3892
2057
-2089
-2918
4173
4722
-5026
-8956
-7706
-9063
-2523
-2505
-2108
3729
-8504
9643
-5125
-4054
1153
8525
5814
-8712
9049
-4713
-5950
4646
-1026
6060
9205
-5835
-3053
-9508
4248
-6465
6866
4415
-4426
-4263
7140
958
-3181
-2222
-3807
-7457
4266
1129
1480
9863
5847
-2597
-9150
-549
-8785
-7025
-3724
7860
2458
-220
5912
-8757
-8826
-5750
4589
-9545
-106
-5392
4147
4175
9249
-650
7906
-6162
-5596
830
-9540
-8905
-918
-8928
-43
4180
9720
4358
-7411
-6613
-701
9068
-5835
-9748
-5074
-915
-7030
1573
-4464
8557
990
-2416
8165
-5966
6904
4173
1282
2845
-9019
9436
6189
9663
7868
287
-2878
-7225
-698
2619
5925
6303
1605
7126
2096
-4183
6695
4171
-4981
-670
-1229
5123
-5795
7194
5747
6590
6389
-9195
-385
838
-5748
1083
-8900
-9015
-7419
-5848
-9649
1051
2853
3686
-4046
5662
-8221
8562
-9995
-539
-4424
5098
-9020
-5809
-9649
2015
-5568
1191
1056
-5529
6301
7703
7241
-7043
-5842
-6035
-9590
-5895
-8647
-3844
-9896
998
9979
-741
-41
-8962
594
-545
4773
3638
1388
6326
-1067
1765
-4409
-9142
-8444
6061
2883
-853
-5732
-7639
1213
-4594
-7177
-7064
-2438
-5815
4101
3419
-8222
5427
-6240
-3078
7220
9101
493
4291
-5668
593
9309
-7255
-7023
-6427
2979
5533
5456
-2029
588
-3956
3882
-3689
988
6145
1153
4358
-4045
-7308
6981
-6400
-730
-9943
-2681
-5211
2860
241
-4763
-3272
-2596
-9482
758
-7098
907
-7053
-1550
-5518
4572
-3166
7534
-2865
-5418
376
-1122
-7554
1682
611
-7266
-5980
7127
-2110
-549
-8686
1126
2489
1974
6326
6144
-7087
-5797
-7787
-9451
-5609
-1743
4888
-4113
4473
-2611
-2918
5799
-2814
-1108
-8873
5638
2029
-3637
4009
-3181
-8829
4180
-2011
-1466
-3268
9454
5274
-6574
9790
-5543
-2371
2949
3960
791
-5781
-9343
8108
358
-3665
191
-569
-5763
-5767
-5825
1812
-4498
6133
-516
1182
-1478
2390
-4845
5204
-1283
3253
-5879
-2792
6192
4539
-5516
1339
-406
-9746
-3980
9495
446
1557
8079
-5173
-3772
7885
-2500
9749
-3929
-4022
8494
-2007
7813
-502
-498
4470
1409
-5763
-4128
-2371
-5466
9656
-8718
-590
2197
6848
-1991
-4036
321
-6989
2759
-6109
1690
-7815
-2091
2824
-1728
187
4164
6150
990
-5127
-9841
-1936
-3357
-2807
-2582
-6815
7825
-6933
9789
-2532
-2263
8656
-6960
5009
-6097
870
-1704
3043
-5850
-7092
-2046
8839
4238
-8309
-6622
-2619
-2567
-550
-1515
2200
4107
-2523
2628
6403
-5848
-7214
7927
194
-7285
-2008
9092
-4178
9910
-5596
-5722
-8694
4630
4437
8061
4512
1485
-1925
6653
-1905
-571
1451
-7971
-1043
-8644
4405
8299
-9329
-545
33
1451
-26
-503
7980
-9178
-480
6198
9515
64
-5211
-5894
-8570
3366
3460
1406
7032
-6918
-680
9478
2865
8151
2133
-5585
9518
-525
9459
-4623
-6569
-442
2589
720
5992
2005
7311
4288
9443
-8769
-3785
-5825
-526
974
544
9120
2997
6863
-1325
2632
6393
-8680
6449
3416
-453
-8940
9240
7917
2228
4635
2970
367
6255
8138
707
4114
9312
8061
-8607
4164
3007
-3104
-3608
1435
-683
-7695
7556
1199
1048
7001
-3827
-1744
3140
-554
-8620
7053
-8867
-555
2401
7914
9382
7842
8870
9223
812
8155
5622
8979
7749
-3897
-5732
-8712
7679
-4490
-4499
8764
7669
5814
2102
1148
7502
-2753
-9349
-2099
415
-9831
-9592
-582
8870
2173
1411
6218
4245
-6230
5123
-9349
4384
-9734
-8014
-7440
4563
1140
7423
200
6899
7549
-1055
-4553
8196
3686
4120
1631
-7125
-2115
-7991
-2780
-8737
-1046
9239
5626
7512
-1907
9206
2048
-8601
-38
-8984
6414
-6886
6452
3018
3956
-6899
-473
-5835
4353
3379
5407
108
-7440
8533
8533
3181
7939
6583
8728
-3452
3463
-9843
-3710
-1043
1190
-5351
-8688
-1108
-5791
6002
9515
9515
7868
-9970
-3776
-7946
-411
-2443
-3620
-386
-996
6914
6284
-6509
-6562
-420
-2151
44
7063
5585
5599
-5243
4532
146
8234
1487
-9182
5484
2522
-1036
-5161
-9339
9592
-4959
-5894
-4931
9601
2913
-1828
-5537
9141
-857
892
-413
-7633
-6367
-5497
-8345
5982
2902
-5565
-3386
-9798
-595
3676
-2678
-1886
6382
-3548
-9238
1855
-3113
-9843
-9671
1593
-7106
5913
-670
-767
-539
9601
1182
-9868
-1505
-2118
4465
-8915
-5026
-9233
2451
-4128
1345
-1194
5072
1190
-3841
-8395
-4591
-2114
1331
-3566
-6075
-3914
6303
-2989
2482
4646
3048
-4516
-7259
-6791
3042
2703
-397
-2460
5148
5913
-8243
-1777
5106
5035
7368
2875
1480
-3198
2493
1508
-718
-415
5099
866
-2424
9375
-9124
-8800
698
2377
-8367
-6863
-7531
4519
9321
3496
2861
-1577
-2915
1044
8177
3043
-20
6273
-1081
6217
65
2592
-5590
9785
9384
-9138
-9169
3869
7826
-962
6558
-6172
507
2411
5337
-5624
9299
5723
1496
-7650
-9320
-798
-6027
7434
6568
-2284
4629
-4345
-2750
2446
5594
-5435
445
5485
-5104
-4288
-1403
-487
8601
-100
-660
-4594
-3376
5036
-928
1608
-8281
-3466
5460
-5363
-579
-2221
-1019
-2987
6566
-8843
4614
9021
-8413
2465
-2272
3883
-9634
-9888
-8474
8105
7648
1443
6573
-9274
-3550
-2338
-579
-6927
8174
1593
8105
8269
7977
-9516
-7218
844
597
-8452
3086
950
8480
6029
-7912
1481
-5497
3229
3522
-8865
-6920
2870
9601
-6856
9669
-3253
-3399
-1805
-1973
-3672
-3909
3042
-6436
4345
9128
-5356
8279
1494
6424
-4749
-5379
-5601
-751
6682
6273
-29
-5228
-4992
2955
-3458
3010
2524
1466
5922
-5360
-4059
-1866
1411
-4363
1585
6164
-4411
-3540
-1914
2228
-3779
1971
-1381
1823
7369
1516
5872
-5744
6771
-923
4968
-1578
7513
9626
8207
2853
-3655
8601
-9486
-7071
-5329
-1936
-251
5266
-2081
1781
-8300
1765
8946
2808
-1628
3144
-7850
3164
-3108
3198
1590
4078
-4451
-8216
-1840
9531
9579
-5668
-6463
8261
2200
-8337
-2036
6518
32
-6446
-583
-7628
-7196
4662
-7162
-9677
8261
7167
1375
-5095
1163
4613
7016
9382
188
5468
7677
-3456
8892
-2039
3265
4536
3268
2706
-2633
-6735
-6124
-1930
1030
-2878
950
3635
-7768
-2647
7631
-7275
9697
9658
6150
71
-3384
1330
8174
-427
3637
2224
-8597
1564
-5303
-486
1234
-6044
7643
1555
4906
8220
-9238
3676
-3905
7398
-1305
5814
-8493
6619
-3497
-8982
7555
-5423
6111
2575
4596
-4877
-3346
-7896
-3880
7903
-9215
2988
-322
-1944
2899
-7916
-8714
4589
1411
-549
-814
-4007
-5243
1621
-8597
7016
2799
-9539
-2511
-1688
1577
8188
7293
742
4199
-7306
1486
-2364
1970
1420
-411
7940
757
5873
1050
4715
-1756
-6785
-3578
-3628
-5465
-5478
8220
-2110
-2001
-2092
-9905
-8961
-8180
3989
-2416
1361
-1203
-3369
2999
1150
9726
5293
1469
-5283
-9539
-6845
-3677
2906
-7506
-5559
-5395
-6654
-6913
9215
-2067
-3192
-3997
6912
-353
-60
645
-1746
4517
-5320
6445
7032
-3847
510
9657
7829
1661
-8556
-6326
7368
-7493
8253
-5699
-3559
-3449
-6063
9206
-6743
-4168
8337
-6642
3090
-2876
0
-9026
1817
1674
-6664
-412
-8907
9502
-750
-6446
-4017
9736
3120
9660
-8357
-5347
-1630
-1628
-871
2403
-263
-7896
-9903
8216
-473
-8575
-8351
8103
-8896
-3895
8242
1352
-7469
2955
-371
9662
-2121
-7889
9215
5394
-5891
7703
6060
-5182
3095
-1250
9203
5270
-5182
-6191
-6570
9754
-6126
-5614
-7572
7613
-2177
8335
8001
-5924
-2511
-3273
4552
3051
-1637
6002
4617
8304
-6894
9756
-437
6621
1588
-1777
-9907
-676
-1893
2767
-1436
6428
58
-2792
-264
-3849
-6127
6317
-6786
6547
611
-1762
-1753
6012
-6448
8281
-1691
1141
-2045
7233
-917
-8796
2211
-5587
-2415
-4819
8001
5755
-4990
4731
-8729
2535
-8551
-1098
-7245
7785
4217
-7106
191
1562
-2153
3403
-536
5758
4506
-290
-5925
-9328
-6620
6963
-1916
-6743
2953
2979
1250
-1089
7763
6959
-6630
-6039
3283
-353
1800
1734
-3796
2539
-7043
-6346
-7389
6219
4740
9721
-4799
-6465
5448
-7644
-9291
1588
682
-9233
-3312
9877
7882
8308
1837
-4593
4189
-5214
-1148
-7710
6854
-498
6655
3359
-8534
-6624
-8385
2443
-1842
2496
4727
-1948
-5651
4788
-8895
1579
-480
-8416
2512
8114
4941
8177
9309
-5612
162
1673
-405
-4617
7185
7149
-5362
3423
-9161
-5245
-4018
-2224
8233
3042
5992
4755
1043
-6593
4757
-9220
6707
-9604
1605
-9026
-6688
-4481
-5207
7249
2870
3372
-3549
1618
7368
-6735
-134
6164
8032
-5437
88
-967
1731
-335
8393
7513
-7023
-8373
-539
-3241
-8248
-9649
-1630
1682
4099
-8264
-6830
1577
9565
-5203
-8540
8319
6671
121
-7245
3576
-5268
5728
9697
1644
5810
3445
9792
-7330
-6871
-6308
-5211
-1335
9296
-9928
7822
-8512
9903
-8243
-4749
8432
-5393
1776
-8712
2198
-6568
-4902
8958
5275
1051
9362
-165
4675
-4473
4323
-2584
2089
-1757
9822
-5593
2892
-159
-1754
1567
-7910
8195
3372
6096
8268
9800
5955
-5162
7939
8208
-6630
-4771
3431
-6994
1798
-535
-2826
-2808
-4682
2768
-9271
1420
7456
1768
3297
-7809
-5644
-2118
-9995
4511
-2221
4740
-631
-3466
1772
5089
4606
8454
-8399
4715
-7225
-5259
-5999
-6409
-151
-7496
-6719
-6537
-8544
-5190
-7076
9075
-4700
4832
653
-2792
-148
-3283
7449
-8407
-5665
1379
3311
3393
-3852
-2424
637
-1658
4865
1285
7730
-5323
3960
8633
8392
4299
-5399
-549
9069
4818
-6871
-2555
-6562
8470
-8350
6446
-1755
-130
7905
-3071
-958
4962
4862
4475
9995
-1578
4307
9866
-4622
-2224
-9454
1636
-1712
-6562
-1625
-3272
2442
2141
-6390
4820
1618
-1572
8677
9249
2671
9654
6622
2665
6471
6804
5098
-5125
-3677
-5173
-5538
-9
-209
9575
3323
-5240
9312
-155
6665
-4617
-3722
-9612
-9146
-5860
6771
-1852
6257
942
-5253
-5184
-9024
9029
9686
-189
-619
9806
6972
-8729
8241
482
8296
-6055
3240
-6091
1938
-7908
-5093
6512
4112
4286
-6716
4613
9178
-4858
-152
800
-118
2174
3297
-8107
888
296
-2498
-7458
-3802
3823
4886
3462
-216
8819
3978
-6881
9703
4506
6587
5968
-4061
4301
3127
3629
7590
-9322
8190
-1369
-6160
7619
-6134
8734
3108
-8243
-483
3436
1765
-8604
-3385
-6502
6842
1793
4706
-5210
-8264
-7702
4808
-6606
9882
-3659
6768
9789
3107
4862
-5379
597
-8222
-8674
2608
-427
8279
-8861
-6482
-1644
-97
-6517
7588
9951
6495
5925
9070
4805
7806
6801
-7235
-259
5120
9299
-3548
-2758
-8574
4833
-7413
3446
9684
3441
5625
-996
2761
7813
8279
-9499
9712
6815
6651
-3851
-5335
-8418
9772
9845
55
-9056
-6571
-4673
2590
247
-8612
-9456
6507
-5198
-8098
-6509
536
6905
1190
-4313
8308
5535
9757
-3920
494
-867
4704
-8361
-189
-5826
6446
-3825
-7946
1426
-1728
5172
-5162
1911
-9844
-6587
8794
1729
-6698
-1406
-3080
5859
1406
-1526
-3789
-8259
-8785
9878
2866
-1042
-6751
-1296
5440
7714
-6642
-9038
1631
-8246
-1135
1827
4032
-2644
9806
-5203
2496
4164
3553
6859
6872
9821
-8123
-6291
-6443
818
3493
-621
7756
-6459
8461
-5109
-2323
-8047
758
4894
5625
6886
3446
9279
1769
7349
-2160
1866
-3534
-7169
-8750
9432
2174
1545
1421
6590
-8080
-8822
4909
9657
8299
-6766
-3104
6807
8328
9362
-6994
4080
5964
7213
6725
-8222
-1562
-3761
-1478
1819
9955
-3181
707
-316
-2867
-6610
-8468
4959
-3080
-543
1250
3550
4823
-323
-3199
9787
1920
3187
-7225
4745
5362
-5155
-3779
2171
-4088
-9436
-5104
-43
3015
9794
-1569
-2616
-7771
5402
-3738
-4814
-7683
-1370
2742
6590
4962
1807
7913
-8505
-6495
-3511
-5026
8600
-1478
-9077
-8617
-1478
8525
6791
8889
-2130
6215
9052
8820
1842
3413
-5259
-8751
-4100
3433
2590
-44
6834
8764
1900
8298
9940
-8916
1849
-215
-6869
-6618
-3142
-1468
67
-1798
-8900
-8393
1510
-8157
-7242
-5364
-2459
-3655
544
9486
241
-3605
-567
-6538
-5588
6817
8312
8234
6854
4754
4926
-7899
2801
5578
-6052
8560
8533
-3492
9115
1200
8214
-8280
-5508
-1528
8547
7346
-8788
-1445
4891
9523
-150
-1350
1545
-1386
-4045
-8684
-3002
-9889
3465
-1289
-8730
-4230
-7373
-4898
-6574
2088
4820
-4913
5952
1938
5286
-2776
8500
8209
-35
-5020
6495
8459
Part #1 : 5874
Part #2 : 4348494681774
Execution time: 1.128397s
